PROBLEM NAME: 	fnl4461-TTP
KNAPSACK DATA TYPE: bounded strongly corr
DIMENSION:	1000
NUMBER OF ITEMS: 	999
CAPACITY OF KNAPSACK: 	90000
MIN SPEED: 	0.1
MAX SPEED: 	2
RENTING RATIO: 	0.3
EDGE_WEIGHT_TYPE:	CEIL_2D
NODE_COORD_SECTION	(INDEX, X, Y): 
1	5639	6909
2	5652	6142
3	5654	6101
4	5659	6910
5	5659	6920
6	5661	6182
7	5663	6830
8	5669	6213
9	5670	6425
10	5671	6870
11	5673	6132
12	5682	6840
13	5690	6891
14	5694	6801
15	5698	6265
16	5698	6952
17	5701	6184
18	5701	6407
19	5712	6154
20	5716	6296
21	5720	6438
22	5722	6397
23	5722	6873
24	5730	6458
25	5731	6893
26	5736	6317
27	5737	6064
28	5738	6034
29	5738	6267
30	5740	5984
31	5741	6206
32	5741	6418
33	5744	6368
34	5744	6823
35	5746	6783
36	5748	6490
37	5748	6965
38	5749	6944
39	5750	6227
40	5756	6308
41	5758	6733
42	5761	6440
43	5762	6187
44	5763	6389
45	5774	6127
46	5776	6319
47	5776	6774
48	5777	6289
49	5779	6026
50	5780	6916
51	5783	6168
52	5784	6137
53	5788	6744
54	5789	6249
55	5790	5996
56	5797	6077
57	5799	6482
58	5799	6957
59	5800	6472
60	5802	6411
61	5804	6836
62	5805	6350
63	5806	6563
64	5808	6047
65	5810	6229
66	5813	6159
67	5817	6311
68	5818	6988
69	5820	6472
70	5822	6200
71	5822	6432
72	5822	6877
73	5825	6594
74	5827	6089
75	5829	6726
76	5833	6392
77	5833	6635
78	5838	6281
79	5840	6948
80	5841	6686
81	5842	6665
82	5844	6160
83	5846	6807
84	5847	6544
85	5847	6999
86	5848	6049
87	5850	6251
88	5851	6919
89	5853	6413
90	5855	6120
91	5859	6272
92	5860	6009
93	5860	6484
94	5861	6687
95	5863	6869
96	5864	6616
97	5867	6090
98	5867	7010
99	5872	6909
100	5873	6171
101	5874	6151
102	5876	6333
103	5878	6768
104	5879	6738
105	5879	6970
106	5884	6394
107	5890	6253
108	5890	6718
109	5891	6000
110	5892	6668
111	5893	6880
112	5895	6840
113	5896	6122
114	5897	6324
115	5898	6304
116	5900	6496
117	5902	5971
118	5902	6911
119	5905	6365
120	5905	6618
121	5906	7042
122	5908	6759
123	5908	7002
124	5909	6042
125	5910	6264
126	5911	6941
127	5912	6456
128	5913	6891
129	5914	6163
130	5917	6568
131	5920	6022
132	5928	6083
133	5932	6225
134	5939	6983
135	5940	6275
136	5940	6953
137	5941	6245
138	5944	6185
139	5945	5922
140	5945	6144
141	5946	6367
142	5947	7034
143	5949	6296
144	5949	6529
145	5953	6195
146	5956	6832
147	5957	6114
148	5959	6064
149	5961	6479
150	5961	6944
151	5962	6923
152	5963	6438
153	5963	6671
154	5964	6418
155	5964	6651
156	5965	7095
157	5966	6610
158	5968	7025
159	5973	6894
160	5975	6388
161	5975	6398
162	5977	5873
163	5977	6803
164	5978	6783
165	5980	6742
166	5981	6712
167	5981	6945
168	5982	6004
169	5984	5964
170	5984	7117
171	5986	6844
172	5986	7076
173	5989	5833
174	5990	6975
175	5991	6247
176	5997	5884
177	5997	7036
178	5998	6096
179	6004	5965
180	6009	6996
181	6010	6289
182	6011	6723
183	6012	6926
184	6015	6178
185	6016	6147
186	6017	6360
187	6019	5854
188	6019	6552
189	6019	7007
190	6020	6977
191	6023	6906
192	6024	6663
193	6025	5935
194	6026	6603
195	6028	6107
196	6029	6785
197	6031	6047
198	6031	6259
199	6033	6229
200	6034	6209
201	6035	6168
202	6036	7078
203	6041	5805
204	6041	6502
205	6041	6735
206	6042	6017
207	6042	6472
208	6045	6179
209	6046	5916
210	6046	6856
211	6052	6938
212	6054	6200
213	6055	6422
214	6058	6351
215	6060	6058
216	6060	6523
217	6062	6483
218	6063	6453
219	6065	5957
220	6065	6645
221	6068	6817
222	6070	6999
223	6071	6736
224	6074	6666
225	6076	6403
226	6076	6615
227	6076	7090
228	6077	6372
229	6077	9153
230	6078	5887
231	6078	6110
232	6080	5847
233	6081	5817
234	6081	6969
235	6082	5796
236	6085	6423
237	6086	6868
238	6087	6150
239	6088	6130
240	6089	6322
241	6090	6777
242	6093	6474
243	6094	5989
244	6097	7071
245	6098	6808
246	6102	6950
247	6105	6424
248	6106	6394
249	6106	7102
250	6108	5899
251	6109	6091
252	6110	7011
253	6111	6050
254	6111	6293
255	6114	5767
256	6114	5990
257	6115	6667
258	6116	6637
259	6116	9195
260	6117	6607
261	6118	9144
262	6120	5859
263	6120	6536
264	6121	6759
265	6122	6506
266	6123	6253
267	6123	6708
268	6124	7608
269	6126	5940
270	6126	6172
271	6127	6850
272	6128	7527
273	6131	6991
274	6133	6951
275	6134	5758
276	6135	6901
277	6135	9206
278	6136	7103
279	6139	6335
280	6141	6072
281	6141	6304
282	6141	9064
283	6142	6042
284	6142	7659
285	6143	6476
286	6143	7639
287	6145	9671
288	6146	5708
289	6146	7579
290	6147	5931
291	6147	6628
292	6147	7073
293	6148	6841
294	6149	7498
295	6150	6325
296	6150	6548
297	6151	5840
298	6153	5800
299	6154	6689
300	6154	7144
301	6155	5982
302	6156	7346
303	6158	5901
304	6158	9601
305	6159	5648
306	6159	6113
307	6160	6791
308	6161	6295
309	6161	7468
310	6162	6508
311	6164	6457
312	6166	6892
313	6166	7114
314	6167	7327
315	6169	7034
316	6172	6053
317	6172	6973
318	6173	9258
319	6174	6458
320	6174	7165
321	6176	5730
322	6176	5962
323	6176	7580
324	6176	9662
325	6177	6862
326	6177	7550
327	6177	9167
328	6180	6802
329	6181	5841
330	6181	7459
331	6182	6519
332	6182	6751
333	6183	9046
334	6184	5781
335	6185	6903
336	6185	8520
337	6186	6428
338	6187	6397
339	6189	6590
340	6189	7277
341	6190	5862
342	6190	6327
343	6190	6559
344	6190	9562
345	6191	7237
346	6193	6964
347	6193	7661
348	6196	6651
349	6196	9198
350	6199	5670
351	6199	7055
352	6200	7500
353	6201	6782
354	6201	9320
355	6202	7450
356	6204	6247
357	6204	7409
358	6204	9724
359	6206	9674
360	6207	6166
361	6208	6853
362	6209	8441
363	6209	9361
364	6210	5863
365	6210	9108
366	6211	7005
367	6212	6297
368	6213	5802
369	6213	6955
370	6215	5984
371	6215	6692
372	6215	7602
373	6217	5701
374	6217	5944
375	6217	7329
376	6217	7571
377	6218	6621
378	6218	7531
379	6219	5903
380	6219	9604
381	6223	6490
382	6224	7643
383	6225	8532
384	6225	9230
385	6227	7107
386	6228	9159
387	6232	9068
388	6233	5803
389	6233	7431
390	6234	5793
391	6234	6723
392	6234	6935
393	6235	6460
394	6236	6430
395	6236	7138
396	6238	6390
397	6239	6834
398	6239	7057
399	6239	7522
400	6240	9807
401	6241	5854
402	6241	6774
403	6241	9089
404	6245	6218
405	6245	8553
406	6245	8998
407	6246	7360
408	6247	9190
409	6248	8483
410	6249	5672
411	6249	6137
412	6249	6380
413	6250	6582
414	6250	9362
415	6250	9595
416	6251	6552
417	6251	7017
418	6252	8392
419	6253	6047
420	6253	6279
421	6254	6249
422	6256	5966
423	6256	6663
424	6256	9686
425	6257	6411
426	6258	6623
427	6258	7563
428	6259	5915
429	6259	8463
430	6262	6997
431	6262	9535
432	6262	9545
433	6263	6057
434	6263	9050
435	6266	6219
436	6266	7604
437	6267	5946
438	6269	9838
439	6270	7038
440	6270	7513
441	6270	9596
442	6272	5835
443	6272	9768
444	6273	8363
445	6273	9293
446	6274	6715
447	6275	5997
448	6276	6907
449	6277	6199
450	6277	7119
451	6277	7342
452	6277	8979
453	6277	9424
454	6278	5694
455	6278	9182
456	6280	6584
457	6280	7271
458	6280	9141
459	6281	6341
460	6282	7463
461	6282	8393
462	6283	7433
463	6283	9061
464	6285	8565
465	6285	9010
466	6285	9253
467	6286	6675
468	6287	8515
469	6287	9667
470	6288	6169
471	6288	7099
472	6289	5684
473	6289	6382
474	6289	8464
475	6291	6786
476	6292	6089
477	6292	6999
478	6293	7666
479	6294	6038
480	6295	6483
481	6295	8323
482	6295	9476
483	6296	7605
484	6298	9415
485	6299	6150
486	6299	7535
487	6300	5887
488	6300	6817
489	6302	6534
490	6302	7242
491	6306	6443
492	6306	8991
493	6311	7040
494	6312	9325
495	6313	6757
496	6313	9527
497	6314	9284
498	6315	8567
499	6317	5968
500	6317	6191
501	6317	6888
502	6317	7353
503	6317	9436
504	6318	7556
505	6318	8263
506	6319	6383
507	6320	5898
508	6320	6595
509	6320	8445
510	6320	9143
511	6320	9841
512	6321	6333
513	6322	7485
514	6322	9093
515	6323	6757
516	6323	6980
517	6323	8152
518	6324	6262
519	6324	8587
520	6325	6717
521	6326	6222
522	6326	7607
523	6327	8294
524	6328	7334
525	6329	6626
526	6329	7091
527	6331	6576
528	6331	9346
529	6332	7010
530	6332	9801
531	6333	9770
532	6334	8133
533	6334	8355
534	6335	9497
535	6338	5949
536	6338	6404
537	6339	5919
538	6339	6151
539	6339	9872
540	6340	7536
541	6340	9619
542	6341	9589
543	6342	5868
544	6342	6556
545	6342	6778
546	6343	8143
547	6344	7193
548	6344	7668
549	6346	5990
550	6346	9478
551	6348	6415
552	6349	8952
553	6350	7072
554	6351	6819
555	6352	6324
556	6352	8416
557	6353	5829
558	6353	8609
559	6353	9316
560	6354	6041
561	6355	6961
562	6356	6688
563	6356	7386
564	6357	7143
565	6357	7375
566	6357	7608
567	6357	8518
568	6357	8528
569	6358	8265
570	6358	9205
571	6359	8023
572	6359	9165
573	6360	5900
574	6360	8922
575	6361	9357
576	6362	7264
577	6362	8184
578	6362	9114
579	6364	7669
580	6365	6254
581	6367	8983
582	6367	9216
583	6368	6891
584	6368	9438
585	6369	6628
586	6370	6365
587	6370	7063
588	6370	7770
589	6371	8427
590	6373	7235
591	6373	7467
592	6373	9075
593	6375	9044
594	6376	8327
595	6376	9712
596	6377	6921
597	6377	7376
598	6378	6183
599	6380	6153
600	6380	7993
601	6380	8458
602	6380	9398
603	6380	9621
604	6381	5900
605	6381	6345
606	6381	6598
607	6382	7720
608	6382	7963
609	6383	7013
610	6384	9540
611	6385	8115
612	6386	7852
613	6389	8944
614	6392	6093
615	6392	6113
616	6392	6326
617	6392	6791
618	6393	5850
619	6393	9328
620	6393	9793
621	6395	6275
622	6395	7650
623	6395	9055
624	6396	8338
625	6396	8570
626	6396	9480
627	6397	6912
628	6397	8540
629	6398	7124
630	6399	8479
631	6399	9652
632	6400	6609
633	6400	9167
634	6401	7276
635	6401	9834
636	6402	6569
637	6402	9126
638	6404	6053
639	6404	6993
640	6404	7913
641	6406	6478
642	6406	6720
643	6407	6225
644	6407	7620
645	6407	8065
646	6407	9005
647	6408	5972
648	6408	7357
649	6408	7833
650	6408	8288
651	6409	7095
652	6410	7772
653	6411	6822
654	6411	7519
655	6412	8429
656	6414	6751
657	6414	7226
658	6415	5811
659	6415	7196
660	6415	7418
661	6416	8096
662	6416	9491
663	6418	8510
664	6419	6175
665	6420	9855
666	6423	7712
667	6424	6307
668	6424	8389
669	6425	7894
670	6426	9714
671	6427	6236
672	6427	9229
673	6429	7803
674	6431	6135
675	6431	9370
676	6431	9613
677	6432	5882
678	6432	6802
679	6433	6095
680	6433	7025
681	6434	9320
682	6437	7146
683	6438	6914
684	6438	7369
685	6438	8066
686	6438	9674
687	6439	5954
688	6439	6419
689	6439	8279
690	6439	8966
691	6440	8006
692	6441	6368
693	6441	6611
694	6441	9846
695	6442	7743
696	6442	7966
697	6442	8208
698	6442	9128
699	6443	5863
700	6443	8168
701	6443	9108
702	6446	8582
703	6447	6004
704	6448	7127
705	6448	8532
706	6448	8997
707	6450	7561
708	6450	8239
709	6450	9401
710	6452	6813
711	6453	7026
712	6453	7491
713	6454	6308
714	6454	8623
715	6455	6520
716	6456	6035
717	6456	6268
718	6456	8340
719	6457	6692
720	6457	7855
721	6457	8553
722	6458	6450
723	6458	7612
724	6459	6885
725	6459	8280
726	6460	5924
727	6460	7329
728	6461	7067
729	6464	9321
730	6465	5823
731	6465	6986
732	6466	6733
733	6466	7188
734	6466	9513
735	6467	6470
736	6469	8502
737	6470	6622
738	6471	6137
739	6471	6835
740	6472	7744
741	6472	9605
742	6473	6562
743	6475	9534
744	6477	6936
745	6477	7168
746	6477	7401
747	6477	8088
748	6479	6188
749	6479	7118
750	6479	7826
751	6480	7330
752	6481	6855
753	6481	8240
754	6482	8432
755	6482	8897
756	6483	8190
757	6484	5844
758	6484	6309
759	6484	7229
760	6484	7694
761	6485	6512
762	6485	9302
763	6486	8119
764	6488	6906
765	6488	7614
766	6488	8999
767	6488	9241
768	6488	9454
769	6491	6380
770	6492	7513
771	6493	6108
772	6493	9575
773	6494	9788
774	6496	6037
775	6496	6047
776	6496	8585
777	6497	6472
778	6498	6684
779	6498	8544
780	6499	5976
781	6499	8514
782	6500	7341
783	6500	7806
784	6500	8029
785	6501	9394
786	6503	5886
787	6503	9343
788	6504	6775
789	6506	9050
790	6506	9283
791	6507	7645
792	6507	9717
793	6510	6169
794	6510	6422
795	6510	9192
796	6511	5936
797	6511	6846
798	6511	8464
799	6512	6129
800	6512	7069
801	6513	7028
802	6513	8424
803	6514	6088
804	6514	6553
805	6514	7008
806	6514	7948
807	6514	9101
808	6515	6523
809	6515	7453
810	6516	7898
811	6516	8585
812	6517	5795
813	6517	8565
814	6518	6928
815	6518	8313
816	6519	6442
817	6519	9667
818	6520	5957
819	6521	8929
820	6522	7757
821	6523	6109
822	6525	6291
823	6525	7686
824	6526	9526
825	6527	6716
826	6527	7181
827	6528	5998
828	6528	6240
829	6528	7626
830	6528	7848
831	6529	5735
832	6529	5755
833	6529	6898
834	6529	8980
835	6530	7575
836	6530	9648
837	6531	9860
838	6532	5907
839	6532	6827
840	6532	8212
841	6533	9132
842	6533	9597
843	6535	6989
844	6535	8384
845	6536	5806
846	6538	8091
847	6540	6656
848	6540	7808
849	6541	6393
850	6541	7090
851	6541	7323
852	6542	6605
853	6543	6352
854	6544	7485
855	6545	9557
856	6546	8142
857	6546	9759
858	6548	6009
859	6548	9244
860	6549	5979
861	6550	8051
862	6551	5928
863	6551	9173
864	6552	8456
865	6553	6575
866	6553	7980
867	6554	8173
868	6554	8880
869	6555	5847
870	6555	6070
871	6555	9325
872	6556	9052
873	6558	6464
874	6559	5757
875	6559	6687
876	6559	6899
877	6560	6191
878	6561	9871
879	6561	9881
880	6562	7758
881	6563	6808
882	6565	7465
883	6565	7708
884	6565	8395
885	6565	8618
886	6566	6525
887	6566	6748
888	6566	6980
889	6566	9528
890	6567	6252
891	6567	8578
892	6567	8820
893	6568	6930
894	6568	8315
895	6569	7152
896	6569	9457
897	6570	6434
898	6572	7082
899	6572	7314
900	6572	8012
901	6573	5889
902	6573	7041
903	6573	7516
904	6573	9134
905	6573	9609
906	6574	7253
907	6574	9569
908	6575	9316
909	6576	7921
910	6577	6960
911	6577	7203
912	6577	7880
913	6578	6020
914	6578	7638
915	6578	9255
916	6579	6212
917	6580	7345
918	6580	8285
919	6581	5950
920	6581	7790
921	6581	9640
922	6582	6162
923	6583	6354
924	6583	9144
925	6583	9842
926	6584	6566
927	6584	8417
928	6585	7001
929	6587	6728
930	6587	8589
931	6588	7396
932	6589	5758
933	6589	9003
934	6590	7578
935	6590	7820
936	6590	9205
937	6591	6405
938	6591	6880
939	6591	8023
940	6596	6304
941	6596	8619
942	6596	8832
943	6596	9297
944	6597	5809
945	6597	7659
946	6597	9752
947	6599	6456
948	6599	6678
949	6599	7851
950	6599	9701
951	6600	6436
952	6600	6901
953	6600	8518
954	6601	6638
955	6602	6153
956	6602	7093
957	6602	8235
958	6604	7740
959	6605	8640
960	6605	8872
961	6605	9792
962	6606	8377
963	6607	6497
964	6607	8134
965	6608	6244
966	6608	7417
967	6608	8104
968	6609	5991
969	6609	8317
970	6611	7336
971	6612	7781
972	6612	9621
973	6613	6598
974	6613	7983
975	6614	7730
976	6615	6083
977	6615	6548
978	6616	7458
979	6616	7923
980	6617	6275
981	6617	6730
982	6617	7892
983	6617	9520
984	6618	6012
985	6619	8539
986	6620	6912
987	6620	7144
988	6620	7367
989	6620	7832
990	6621	6881
991	6621	8954
992	6622	6164
993	6622	7549
994	6622	8469
995	6622	9864
996	6623	6841
997	6623	7064
998	6624	9369
999	6625	7256
1000	6625	8631
ITEMS SECTION	(INDEX, PROFIT, WEIGHT, ASSIGNED NODE NUMBER): 
1	101	1	2
2	202	2	3
3	404	4	4
4	202	2	5
5	996	896	6
6	1992	1792	7
7	3984	3584	8
8	467	367	9
9	934	734	10
10	1868	1468	11
11	790	690	12
12	790	690	13
13	713	613	14
14	1426	1226	15
15	2852	2452	16
16	974	874	17
17	974	874	18
18	222	122	19
19	444	244	20
20	888	488	21
21	666	366	22
22	586	486	23
23	1172	972	24
24	1172	972	25
25	923	823	26
26	923	823	27
27	563	463	28
28	1126	926	29
29	563	463	30
30	689	589	31
31	1378	1178	32
32	1378	1178	33
33	425	325	34
34	850	650	35
35	1700	1300	36
36	1275	975	37
37	1100	1000	38
38	2200	2000	39
39	4400	4000	40
40	876	776	41
41	1752	1552	42
42	2628	2328	43
43	223	123	44
44	456	356	45
45	405	305	46
46	810	610	47
47	1620	1220	48
48	405	305	49
49	147	47	50
50	294	94	51
51	588	188	52
52	745	645	53
53	1490	1290	54
54	2980	2580	55
55	1490	1290	56
56	239	139	57
57	347	247	58
58	694	494	59
59	1388	988	60
60	1041	741	61
61	311	211	62
62	622	422	63
63	1244	844	64
64	933	633	65
65	200	100	66
66	400	200	67
67	800	400	68
68	200	100	69
69	727	627	70
70	1454	1254	71
71	1454	1254	72
72	860	760	73
73	1720	1520	74
74	876	776	75
75	1752	1552	76
76	3504	3104	77
77	575	475	78
78	1150	950	79
79	2300	1900	80
80	1037	937	81
81	2074	1874	82
82	4148	3748	83
83	1037	937	84
84	201	101	85
85	402	202	86
86	804	404	87
87	402	202	88
88	381	281	89
89	762	562	90
90	1524	1124	91
91	762	562	92
92	851	751	93
93	1702	1502	94
94	3404	3004	95
95	1702	1502	96
96	630	530	97
97	1260	1060	98
98	2520	2120	99
99	340	240	100
100	680	480	101
101	680	480	102
102	348	248	103
103	696	496	104
104	1044	744	105
105	868	768	106
106	131	31	107
107	262	62	108
108	131	31	109
109	713	613	110
110	1426	1226	111
111	2852	2452	112
112	713	613	113
113	981	881	114
114	1962	1762	115
115	1962	1762	116
116	467	367	117
117	934	734	118
118	1868	1468	119
119	467	367	120
120	812	712	121
121	510	410	122
122	1020	820	123
123	2040	1640	124
124	510	410	125
125	257	157	126
126	514	314	127
127	1028	628	128
128	771	471	129
129	924	824	130
130	342	242	131
131	572	472	132
132	1144	944	133
133	1716	1416	134
134	822	722	135
135	1644	1444	136
136	3288	2888	137
137	875	775	138
138	875	775	139
139	471	371	140
140	942	742	141
141	1884	1484	142
142	437	337	143
143	874	674	144
144	437	337	145
145	985	885	146
146	1970	1770	147
147	3940	3540	148
148	1970	1770	149
149	304	204	150
150	608	408	151
151	1216	816	152
152	608	408	153
153	694	594	154
154	1388	1188	155
155	2776	2376	156
156	1388	1188	157
157	326	226	158
158	652	452	159
159	1304	904	160
160	326	226	161
161	652	452	162
162	1021	921	163
163	637	537	164
164	1274	1074	165
165	2548	2148	166
166	212	112	167
167	212	112	168
168	1059	959	169
169	2118	1918	170
170	3177	2877	171
171	492	392	172
172	492	392	173
173	809	709	174
174	1618	1418	175
175	3236	2836	176
176	1040	940	177
177	2080	1880	178
178	1043	943	179
179	2086	1886	180
180	4172	3772	181
181	179	79	182
182	179	79	183
183	1022	922	184
184	2044	1844	185
185	2044	1844	186
186	461	361	187
187	1047	947	188
188	2094	1894	189
189	1047	947	190
190	961	861	191
191	1922	1722	192
192	3844	3444	193
193	2883	2583	194
194	1037	937	195
195	2074	1874	196
196	4148	3748	197
197	3111	2811	198
198	854	754	199
199	1708	1508	200
200	2562	2262	201
201	972	872	202
202	736	636	203
203	736	636	204
204	559	459	205
205	1118	918	206
206	2236	1836	207
207	1677	1377	208
208	490	390	209
209	490	390	210
210	241	141	211
211	482	282	212
212	723	423	213
213	211	111	214
214	422	222	215
215	844	444	216
216	633	333	217
217	688	588	218
218	1376	1176	219
219	688	588	220
220	106	6	221
221	106	6	222
222	255	155	223
223	510	310	224
224	1020	620	225
225	765	465	226
226	823	723	227
227	1646	1446	228
228	3292	2892	229
229	1646	1446	230
230	823	723	231
231	1646	1446	232
232	3292	2892	233
233	2469	2169	234
234	767	667	235
235	1534	1334	236
236	1534	1334	237
237	929	829	238
238	1858	1658	239
239	3716	3316	240
240	929	829	241
241	587	487	242
242	1174	974	243
243	1174	974	244
244	690	590	245
245	1380	1180	246
246	2760	2360	247
247	1380	1180	248
248	470	370	249
249	940	740	250
250	1880	1480	251
251	923	823	252
252	1846	1646	253
253	3692	3292	254
254	923	823	255
255	273	173	256
256	546	346	257
257	156	56	258
258	1077	977	259
259	2154	1954	260
260	3231	2931	261
261	781	681	262
262	1562	1362	263
263	2343	2043	264
264	789	689	265
265	1578	1378	266
266	3156	2756	267
267	789	689	268
268	1033	933	269
269	2066	1866	270
270	3099	2799	271
271	909	809	272
272	1818	1618	273
273	687	587	274
274	1374	1174	275
275	786	686	276
276	1572	1372	277
277	786	686	278
278	566	466	279
279	456	356	280
280	912	712	281
281	912	712	282
282	884	784	283
283	884	784	284
284	962	862	285
285	1924	1724	286
286	3848	3448	287
287	2886	2586	288
288	323	223	289
289	646	446	290
290	1292	892	291
291	969	669	292
292	641	541	293
293	1282	1082	294
294	2564	2164	295
295	161	61	296
296	322	122	297
297	516	416	298
298	516	416	299
299	162	62	300
300	162	62	301
301	305	205	302
302	610	410	303
303	252	152	304
304	504	304	305
305	1008	608	306
306	504	304	307
307	1013	913	308
308	2026	1826	309
309	4052	3652	310
310	3039	2739	311
311	367	267	312
312	734	534	313
313	1468	1068	314
314	349	249	315
315	698	498	316
316	349	249	317
317	287	187	318
318	574	374	319
319	1148	748	320
320	861	561	321
321	274	174	322
322	548	348	323
323	274	174	324
324	1039	939	325
325	1039	939	326
326	619	519	327
327	1238	1038	328
328	1238	1038	329
329	156	56	330
330	312	112	331
331	624	224	332
332	312	112	333
333	481	381	334
334	962	762	335
335	1924	1524	336
336	962	762	337
337	651	551	338
338	1302	1102	339
339	1302	1102	340
340	228	128	341
341	456	256	342
342	912	512	343
343	912	812	344
344	1824	1624	345
345	3648	3248	346
346	2736	2436	347
347	853	753	348
348	1706	1506	349
349	3412	3012	350
350	1706	1506	351
351	644	544	352
352	1288	1088	353
353	644	544	354
354	784	684	355
355	1568	1368	356
356	2352	2052	357
357	930	830	358
358	1860	1660	359
359	1860	1660	360
360	825	725	361
361	1650	1450	362
362	3300	2900	363
363	2475	2175	364
364	430	330	365
365	860	660	366
366	430	330	367
367	215	115	368
368	138	38	369
369	276	76	370
370	545	445	371
371	1090	890	372
372	1635	1335	373
373	719	619	374
374	1438	1238	375
375	2876	2476	376
376	2157	1857	377
377	748	648	378
378	996	896	379
379	1992	1792	380
380	2988	2688	381
381	758	658	382
382	1516	1316	383
383	3032	2632	384
384	406	306	385
385	812	612	386
386	1218	918	387
387	906	806	388
388	1812	1612	389
389	3624	3224	390
390	1812	1612	391
391	900	800	392
392	1800	1600	393
393	712	612	394
394	1424	1224	395
395	454	354	396
396	400	300	397
397	800	600	398
398	1600	1200	399
399	800	600	400
400	274	174	401
401	548	348	402
402	1096	696	403
403	548	348	404
404	851	751	405
405	1702	1502	406
406	226	126	407
407	226	126	408
408	703	603	409
409	703	603	410
410	765	665	411
411	309	209	412
412	618	418	413
413	1236	836	414
414	408	308	415
415	408	308	416
416	816	616	417
417	1632	1232	418
418	1224	924	419
419	777	677	420
420	1554	1354	421
421	3108	2708	422
422	2331	2031	423
423	963	863	424
424	1926	1726	425
425	2889	2589	426
426	392	292	427
427	392	292	428
428	544	444	429
429	1088	888	430
430	2176	1776	431
431	544	444	432
432	395	295	433
433	513	413	434
434	172	72	435
435	344	144	436
436	688	288	437
437	172	72	438
438	421	321	439
439	842	642	440
440	421	321	441
441	1081	981	442
442	2162	1962	443
443	1081	981	444
444	897	797	445
445	1794	1594	446
446	1794	1594	447
447	607	507	448
448	1214	1014	449
449	2428	2028	450
450	1214	1014	451
451	815	715	452
452	815	715	453
453	612	512	454
454	1224	1024	455
455	2448	2048	456
456	612	512	457
457	992	892	458
458	1984	1784	459
459	1984	1784	460
460	176	76	461
461	352	152	462
462	352	152	463
463	122	22	464
464	244	44	465
465	488	88	466
466	244	44	467
467	743	643	468
468	1486	1286	469
469	743	643	470
470	966	866	471
471	1932	1732	472
472	1932	1732	473
473	174	74	474
474	348	148	475
475	348	148	476
476	608	508	477
477	1216	1016	478
478	1824	1524	479
479	343	243	480
480	876	776	481
481	1752	1552	482
482	3504	3104	483
483	426	326	484
484	852	652	485
485	1704	1304	486
486	852	652	487
487	794	694	488
488	1588	1388	489
489	2382	2082	490
490	762	662	491
491	1524	1324	492
492	3048	2648	493
493	1524	1324	494
494	117	17	495
495	234	34	496
496	468	68	497
497	234	34	498
498	754	654	499
499	1508	1308	500
500	3016	2616	501
501	754	654	502
502	229	129	503
503	458	258	504
504	916	516	505
505	762	662	506
506	223	123	507
507	446	246	508
508	892	492	509
509	223	123	510
510	282	182	511
511	564	364	512
512	1128	728	513
513	564	364	514
514	654	554	515
515	1308	1108	516
516	521	421	517
517	1042	842	518
518	785	685	519
519	1570	1370	520
520	3140	2740	521
521	2355	2055	522
522	570	470	523
523	1140	940	524
524	2280	1880	525
525	1710	1410	526
526	177	77	527
527	354	154	528
528	708	308	529
529	364	264	530
530	364	264	531
531	724	624	532
532	1448	1248	533
533	2896	2496	534
534	1061	961	535
535	2122	1922	536
536	2122	1922	537
537	155	55	538
538	155	55	539
539	354	254	540
540	354	254	541
541	980	880	542
542	1960	1760	543
543	3920	3520	544
544	2940	2640	545
545	1021	921	546
546	2042	1842	547
547	4084	3684	548
548	3063	2763	549
549	909	809	550
550	1818	1618	551
551	3636	3236	552
552	2727	2427	553
553	780	680	554
554	1560	1360	555
555	3120	2720	556
556	780	680	557
557	654	554	558
558	1308	1108	559
559	2616	2216	560
560	1308	1108	561
561	162	62	562
562	324	124	563
563	648	248	564
564	673	573	565
565	673	573	566
566	668	568	567
567	1336	1136	568
568	668	568	569
569	137	37	570
570	274	74	571
571	274	74	572
572	1010	910	573
573	2020	1820	574
574	732	632	575
575	1464	1264	576
576	2928	2528	577
577	732	632	578
578	311	211	579
579	167	67	580
580	334	134	581
581	501	201	582
582	863	763	583
583	1726	1526	584
584	863	763	585
585	668	568	586
586	1336	1136	587
587	2672	2272	588
588	668	568	589
589	781	681	590
590	781	681	591
591	914	814	592
592	1828	1628	593
593	3656	3256	594
594	914	814	595
595	614	514	596
596	1228	1028	597
597	2456	2056	598
598	426	326	599
599	426	326	600
600	141	41	601
601	282	82	602
602	564	164	603
603	141	41	604
604	1009	909	605
605	1009	909	606
606	292	192	607
607	584	384	608
608	876	576	609
609	159	59	610
610	159	59	611
611	452	352	612
612	452	352	613
613	778	678	614
614	1556	1356	615
615	3112	2712	616
616	985	885	617
617	1970	1770	618
618	3940	3540	619
619	696	596	620
620	1392	1192	621
621	2784	2384	622
622	696	596	623
623	500	400	624
624	500	400	625
625	511	411	626
626	1022	822	627
627	511	411	628
628	846	746	629
629	1692	1492	630
630	2538	2238	631
631	635	535	632
632	1270	1070	633
633	2540	2140	634
634	182	82	635
635	364	164	636
636	728	328	637
637	546	246	638
638	499	399	639
639	998	798	640
640	1996	1596	641
641	998	798	642
642	512	412	643
643	1024	824	644
644	2048	1648	645
645	1536	1236	646
646	736	636	647
647	1472	1272	648
648	1083	983	649
649	2166	1966	650
650	2166	1966	651
651	460	360	652
652	220	120	653
653	440	240	654
654	660	360	655
655	970	870	656
656	1940	1740	657
657	3880	3480	658
658	970	870	659
659	908	808	660
660	908	808	661
661	104	4	662
662	104	4	663
663	491	391	664
664	982	782	665
665	1964	1564	666
666	491	391	667
667	910	810	668
668	1820	1620	669
669	2730	2430	670
670	919	819	671
671	1838	1638	672
672	1058	958	673
673	2116	1916	674
674	4232	3832	675
675	309	209	676
676	618	418	677
677	1236	836	678
678	817	717	679
679	459	359	680
680	918	718	681
681	995	895	682
682	1990	1790	683
683	3980	3580	684
684	519	419	685
685	1038	838	686
686	2076	1676	687
687	604	504	688
688	1208	1008	689
689	604	504	690
690	688	588	691
691	1376	1176	692
692	2752	2352	693
693	688	588	694
694	819	719	695
695	1638	1438	696
696	3276	2876	697
697	1638	1438	698
698	423	323	699
699	441	341	700
700	882	682	701
701	1764	1364	702
702	1065	965	703
703	959	859	704
704	1918	1718	705
705	3836	3436	706
706	1918	1718	707
707	556	456	708
708	860	760	709
709	860	760	710
710	235	135	711
711	470	270	712
712	490	390	713
713	980	780	714
714	1960	1560	715
715	1470	1170	716
716	880	780	717
717	1760	1560	718
718	3520	3120	719
719	1760	1560	720
720	596	496	721
721	1192	992	722
722	1788	1488	723
723	101	1	724
724	202	2	725
725	303	3	726
726	1006	906	727
727	271	171	728
728	542	342	729
729	813	513	730
730	537	437	731
731	1074	874	732
732	1074	874	733
733	264	164	734
734	528	328	735
735	264	164	736
736	242	142	737
737	484	284	738
738	968	568	739
739	242	142	740
740	976	876	741
741	365	265	742
742	730	530	743
743	1460	1060	744
744	730	530	745
745	862	762	746
746	862	762	747
747	419	319	748
748	838	638	749
749	1257	957	750
750	880	780	751
751	1760	1560	752
752	141	41	753
753	141	41	754
754	133	33	755
755	266	66	756
756	532	132	757
757	820	720	758
758	820	720	759
759	987	887	760
760	1974	1774	761
761	987	887	762
762	1007	907	763
763	2014	1814	764
764	3021	2721	765
765	651	551	766
766	1302	1102	767
767	651	551	768
768	832	732	769
769	1664	1464	770
770	3328	2928	771
771	2496	2196	772
772	1069	969	773
773	2138	1938	774
774	4276	3876	775
775	2138	1938	776
776	779	679	777
777	1558	1358	778
778	1558	1358	779
779	328	228	780
780	328	228	781
781	268	168	782
782	268	168	783
783	754	654	784
784	1508	1308	785
785	3016	2616	786
786	2262	1962	787
787	148	48	788
788	296	96	789
789	592	192	790
790	444	144	791
791	649	549	792
792	360	260	793
793	212	112	794
794	424	224	795
795	636	336	796
796	550	450	797
797	1025	925	798
798	2050	1850	799
799	3075	2775	800
800	340	240	801
801	475	375	802
802	950	750	803
803	1900	1500	804
804	1425	1125	805
805	975	875	806
806	1950	1750	807
807	1950	1750	808
808	399	299	809
809	798	598	810
810	1596	1196	811
811	1069	969	812
812	2138	1938	813
813	4276	3876	814
814	3207	2907	815
815	315	215	816
816	630	430	817
817	945	645	818
818	535	435	819
819	748	648	820
820	1496	1296	821
821	615	515	822
822	1230	1030	823
823	1230	1030	824
824	451	351	825
825	451	351	826
826	682	582	827
827	682	582	828
828	132	32	829
829	1001	901	830
830	1001	901	831
831	1002	902	832
832	2004	1804	833
833	4008	3608	834
834	1002	902	835
835	594	494	836
836	594	494	837
837	866	766	838
838	1732	1532	839
839	3464	3064	840
840	2598	2298	841
841	702	602	842
842	1404	1204	843
843	2808	2408	844
844	594	494	845
845	1188	988	846
846	2376	1976	847
847	1188	988	848
848	247	147	849
849	518	418	850
850	728	628	851
851	1456	1256	852
852	2912	2512	853
853	319	219	854
854	638	438	855
855	1276	876	856
856	937	837	857
857	937	837	858
858	440	340	859
859	880	680	860
860	1320	1020	861
861	541	441	862
862	1082	882	863
863	415	315	864
864	830	630	865
865	1660	1260	866
866	209	109	867
867	443	343	868
868	886	686	869
869	1772	1372	870
870	443	343	871
871	716	616	872
872	1432	1232	873
873	1432	1232	874
874	632	532	875
875	1264	1064	876
876	2528	2128	877
877	1264	1064	878
878	622	522	879
879	1244	1044	880
880	2488	2088	881
881	622	522	882
882	997	897	883
883	1994	1794	884
884	997	897	885
885	614	514	886
886	1228	1028	887
887	2456	2056	888
888	1228	1028	889
889	1086	986	890
890	2172	1972	891
891	988	888	892
892	988	888	893
893	859	759	894
894	1718	1518	895
895	2577	2277	896
896	423	323	897
897	276	176	898
898	276	176	899
899	1019	919	900
900	2038	1838	901
901	167	67	902
902	334	134	903
903	668	268	904
904	167	67	905
905	603	503	906
906	1206	1006	907
907	2412	2012	908
908	1809	1509	909
909	656	556	910
910	1312	1112	911
911	2624	2224	912
912	1968	1668	913
913	816	716	914
914	1632	1432	915
915	1632	1432	916
916	419	319	917
917	838	638	918
918	571	471	919
919	1142	942	920
920	2284	1884	921
921	1713	1413	922
922	617	517	923
923	1234	1034	924
924	2468	2068	925
925	1234	1034	926
926	205	105	927
927	410	210	928
928	820	420	929
929	410	210	930
930	253	153	931
931	506	306	932
932	1012	612	933
933	253	153	934
934	240	140	935
935	240	140	936
936	986	886	937
937	1972	1772	938
938	1972	1772	939
939	792	692	940
940	1584	1384	941
941	792	692	942
942	419	319	943
943	838	638	944
944	1676	1276	945
945	1257	957	946
946	660	560	947
947	742	642	948
948	796	696	949
949	1592	1392	950
950	796	696	951
951	358	258	952
952	716	516	953
953	1432	1032	954
954	358	258	955
955	350	250	956
956	700	500	957
957	1400	1000	958
958	700	500	959
959	739	639	960
960	1478	1278	961
961	2956	2556	962
962	1478	1278	963
963	472	372	964
964	944	744	965
965	944	744	966
966	232	132	967
967	232	132	968
968	956	856	969
969	1912	1712	970
970	553	453	971
971	1106	906	972
972	2212	1812	973
973	553	453	974
974	603	503	975
975	1206	1006	976
976	2412	2012	977
977	1206	1006	978
978	639	539	979
979	1278	1078	980
980	1917	1617	981
981	919	819	982
982	1838	1638	983
983	919	819	984
984	226	126	985
985	452	252	986
986	530	430	987
987	1060	860	988
988	2120	1720	989
989	698	598	990
990	698	598	991
991	796	696	992
992	1592	1392	993
993	796	696	994
994	697	597	995
995	1394	1194	996
996	2788	2388	997
997	697	597	998
998	797	697	999
999	1594	1394	1000