PROBLEM NAME: 	fnl4461-TTP
KNAPSACK DATA TYPE: bounded strongly corr
DIMENSION:	2000
NUMBER OF ITEMS: 	1999
CAPACITY OF KNAPSACK: 	150000
MIN SPEED: 	0.1
MAX SPEED: 	1
RENTING RATIO: 	0.2
EDGE_WEIGHT_TYPE:	CEIL_2D
NODE_COORD_SECTION	(INDEX, X, Y): 
1	5639	6909
2	5652	6142
3	5654	6101
4	5659	6910
5	5659	6920
6	5661	6182
7	5663	6830
8	5669	6213
9	5670	6425
10	5671	6870
11	5673	6132
12	5682	6840
13	5690	6891
14	5694	6801
15	5698	6265
16	5698	6952
17	5701	6184
18	5701	6407
19	5712	6154
20	5716	6296
21	5720	6438
22	5722	6397
23	5722	6873
24	5730	6458
25	5731	6893
26	5736	6317
27	5737	6064
28	5738	6034
29	5738	6267
30	5740	5984
31	5741	6206
32	5741	6418
33	5744	6368
34	5744	6823
35	5746	6783
36	5748	6490
37	5748	6965
38	5749	6944
39	5750	6227
40	5756	6308
41	5758	6733
42	5761	6440
43	5762	6187
44	5763	6389
45	5774	6127
46	5776	6319
47	5776	6774
48	5777	6289
49	5779	6026
50	5780	6916
51	5783	6168
52	5784	6137
53	5788	6744
54	5789	6249
55	5790	5996
56	5797	6077
57	5799	6482
58	5799	6957
59	5800	6472
60	5802	6411
61	5804	6836
62	5805	6350
63	5806	6563
64	5808	6047
65	5810	6229
66	5813	6159
67	5817	6311
68	5818	6988
69	5820	6472
70	5822	6200
71	5822	6432
72	5822	6877
73	5825	6594
74	5827	6089
75	5829	6726
76	5833	6392
77	5833	6635
78	5838	6281
79	5840	6948
80	5841	6686
81	5842	6665
82	5844	6160
83	5846	6807
84	5847	6544
85	5847	6999
86	5848	6049
87	5850	6251
88	5851	6919
89	5853	6413
90	5855	6120
91	5859	6272
92	5860	6009
93	5860	6484
94	5861	6687
95	5863	6869
96	5864	6616
97	5867	6090
98	5867	7010
99	5872	6909
100	5873	6171
101	5874	6151
102	5876	6333
103	5878	6768
104	5879	6738
105	5879	6970
106	5884	6394
107	5890	6253
108	5890	6718
109	5891	6000
110	5892	6668
111	5893	6880
112	5895	6840
113	5896	6122
114	5897	6324
115	5898	6304
116	5900	6496
117	5902	5971
118	5902	6911
119	5905	6365
120	5905	6618
121	5906	7042
122	5908	6759
123	5908	7002
124	5909	6042
125	5910	6264
126	5911	6941
127	5912	6456
128	5913	6891
129	5914	6163
130	5917	6568
131	5920	6022
132	5928	6083
133	5932	6225
134	5939	6983
135	5940	6275
136	5940	6953
137	5941	6245
138	5944	6185
139	5945	5922
140	5945	6144
141	5946	6367
142	5947	7034
143	5949	6296
144	5949	6529
145	5953	6195
146	5956	6832
147	5957	6114
148	5959	6064
149	5961	6479
150	5961	6944
151	5962	6923
152	5963	6438
153	5963	6671
154	5964	6418
155	5964	6651
156	5965	7095
157	5966	6610
158	5968	7025
159	5973	6894
160	5975	6388
161	5975	6398
162	5977	5873
163	5977	6803
164	5978	6783
165	5980	6742
166	5981	6712
167	5981	6945
168	5982	6004
169	5984	5964
170	5984	7117
171	5986	6844
172	5986	7076
173	5989	5833
174	5990	6975
175	5991	6247
176	5997	5884
177	5997	7036
178	5998	6096
179	6004	5965
180	6009	6996
181	6010	6289
182	6011	6723
183	6012	6926
184	6015	6178
185	6016	6147
186	6017	6360
187	6019	5854
188	6019	6552
189	6019	7007
190	6020	6977
191	6023	6906
192	6024	6663
193	6025	5935
194	6026	6603
195	6028	6107
196	6029	6785
197	6031	6047
198	6031	6259
199	6033	6229
200	6034	6209
201	6035	6168
202	6036	7078
203	6041	5805
204	6041	6502
205	6041	6735
206	6042	6017
207	6042	6472
208	6045	6179
209	6046	5916
210	6046	6856
211	6052	6938
212	6054	6200
213	6055	6422
214	6058	6351
215	6060	6058
216	6060	6523
217	6062	6483
218	6063	6453
219	6065	5957
220	6065	6645
221	6068	6817
222	6070	6999
223	6071	6736
224	6074	6666
225	6076	6403
226	6076	6615
227	6076	7090
228	6077	6372
229	6077	9153
230	6078	5887
231	6078	6110
232	6080	5847
233	6081	5817
234	6081	6969
235	6082	5796
236	6085	6423
237	6086	6868
238	6087	6150
239	6088	6130
240	6089	6322
241	6090	6777
242	6093	6474
243	6094	5989
244	6097	7071
245	6098	6808
246	6102	6950
247	6105	6424
248	6106	6394
249	6106	7102
250	6108	5899
251	6109	6091
252	6110	7011
253	6111	6050
254	6111	6293
255	6114	5767
256	6114	5990
257	6115	6667
258	6116	6637
259	6116	9195
260	6117	6607
261	6118	9144
262	6120	5859
263	6120	6536
264	6121	6759
265	6122	6506
266	6123	6253
267	6123	6708
268	6124	7608
269	6126	5940
270	6126	6172
271	6127	6850
272	6128	7527
273	6131	6991
274	6133	6951
275	6134	5758
276	6135	6901
277	6135	9206
278	6136	7103
279	6139	6335
280	6141	6072
281	6141	6304
282	6141	9064
283	6142	6042
284	6142	7659
285	6143	6476
286	6143	7639
287	6145	9671
288	6146	5708
289	6146	7579
290	6147	5931
291	6147	6628
292	6147	7073
293	6148	6841
294	6149	7498
295	6150	6325
296	6150	6548
297	6151	5840
298	6153	5800
299	6154	6689
300	6154	7144
301	6155	5982
302	6156	7346
303	6158	5901
304	6158	9601
305	6159	5648
306	6159	6113
307	6160	6791
308	6161	6295
309	6161	7468
310	6162	6508
311	6164	6457
312	6166	6892
313	6166	7114
314	6167	7327
315	6169	7034
316	6172	6053
317	6172	6973
318	6173	9258
319	6174	6458
320	6174	7165
321	6176	5730
322	6176	5962
323	6176	7580
324	6176	9662
325	6177	6862
326	6177	7550
327	6177	9167
328	6180	6802
329	6181	5841
330	6181	7459
331	6182	6519
332	6182	6751
333	6183	9046
334	6184	5781
335	6185	6903
336	6185	8520
337	6186	6428
338	6187	6397
339	6189	6590
340	6189	7277
341	6190	5862
342	6190	6327
343	6190	6559
344	6190	9562
345	6191	7237
346	6193	6964
347	6193	7661
348	6196	6651
349	6196	9198
350	6199	5670
351	6199	7055
352	6200	7500
353	6201	6782
354	6201	9320
355	6202	7450
356	6204	6247
357	6204	7409
358	6204	9724
359	6206	9674
360	6207	6166
361	6208	6853
362	6209	8441
363	6209	9361
364	6210	5863
365	6210	9108
366	6211	7005
367	6212	6297
368	6213	5802
369	6213	6955
370	6215	5984
371	6215	6692
372	6215	7602
373	6217	5701
374	6217	5944
375	6217	7329
376	6217	7571
377	6218	6621
378	6218	7531
379	6219	5903
380	6219	9604
381	6223	6490
382	6224	7643
383	6225	8532
384	6225	9230
385	6227	7107
386	6228	9159
387	6232	9068
388	6233	5803
389	6233	7431
390	6234	5793
391	6234	6723
392	6234	6935
393	6235	6460
394	6236	6430
395	6236	7138
396	6238	6390
397	6239	6834
398	6239	7057
399	6239	7522
400	6240	9807
401	6241	5854
402	6241	6774
403	6241	9089
404	6245	6218
405	6245	8553
406	6245	8998
407	6246	7360
408	6247	9190
409	6248	8483
410	6249	5672
411	6249	6137
412	6249	6380
413	6250	6582
414	6250	9362
415	6250	9595
416	6251	6552
417	6251	7017
418	6252	8392
419	6253	6047
420	6253	6279
421	6254	6249
422	6256	5966
423	6256	6663
424	6256	9686
425	6257	6411
426	6258	6623
427	6258	7563
428	6259	5915
429	6259	8463
430	6262	6997
431	6262	9535
432	6262	9545
433	6263	6057
434	6263	9050
435	6266	6219
436	6266	7604
437	6267	5946
438	6269	9838
439	6270	7038
440	6270	7513
441	6270	9596
442	6272	5835
443	6272	9768
444	6273	8363
445	6273	9293
446	6274	6715
447	6275	5997
448	6276	6907
449	6277	6199
450	6277	7119
451	6277	7342
452	6277	8979
453	6277	9424
454	6278	5694
455	6278	9182
456	6280	6584
457	6280	7271
458	6280	9141
459	6281	6341
460	6282	7463
461	6282	8393
462	6283	7433
463	6283	9061
464	6285	8565
465	6285	9010
466	6285	9253
467	6286	6675
468	6287	8515
469	6287	9667
470	6288	6169
471	6288	7099
472	6289	5684
473	6289	6382
474	6289	8464
475	6291	6786
476	6292	6089
477	6292	6999
478	6293	7666
479	6294	6038
480	6295	6483
481	6295	8323
482	6295	9476
483	6296	7605
484	6298	9415
485	6299	6150
486	6299	7535
487	6300	5887
488	6300	6817
489	6302	6534
490	6302	7242
491	6306	6443
492	6306	8991
493	6311	7040
494	6312	9325
495	6313	6757
496	6313	9527
497	6314	9284
498	6315	8567
499	6317	5968
500	6317	6191
501	6317	6888
502	6317	7353
503	6317	9436
504	6318	7556
505	6318	8263
506	6319	6383
507	6320	5898
508	6320	6595
509	6320	8445
510	6320	9143
511	6320	9841
512	6321	6333
513	6322	7485
514	6322	9093
515	6323	6757
516	6323	6980
517	6323	8152
518	6324	6262
519	6324	8587
520	6325	6717
521	6326	6222
522	6326	7607
523	6327	8294
524	6328	7334
525	6329	6626
526	6329	7091
527	6331	6576
528	6331	9346
529	6332	7010
530	6332	9801
531	6333	9770
532	6334	8133
533	6334	8355
534	6335	9497
535	6338	5949
536	6338	6404
537	6339	5919
538	6339	6151
539	6339	9872
540	6340	7536
541	6340	9619
542	6341	9589
543	6342	5868
544	6342	6556
545	6342	6778
546	6343	8143
547	6344	7193
548	6344	7668
549	6346	5990
550	6346	9478
551	6348	6415
552	6349	8952
553	6350	7072
554	6351	6819
555	6352	6324
556	6352	8416
557	6353	5829
558	6353	8609
559	6353	9316
560	6354	6041
561	6355	6961
562	6356	6688
563	6356	7386
564	6357	7143
565	6357	7375
566	6357	7608
567	6357	8518
568	6357	8528
569	6358	8265
570	6358	9205
571	6359	8023
572	6359	9165
573	6360	5900
574	6360	8922
575	6361	9357
576	6362	7264
577	6362	8184
578	6362	9114
579	6364	7669
580	6365	6254
581	6367	8983
582	6367	9216
583	6368	6891
584	6368	9438
585	6369	6628
586	6370	6365
587	6370	7063
588	6370	7770
589	6371	8427
590	6373	7235
591	6373	7467
592	6373	9075
593	6375	9044
594	6376	8327
595	6376	9712
596	6377	6921
597	6377	7376
598	6378	6183
599	6380	6153
600	6380	7993
601	6380	8458
602	6380	9398
603	6380	9621
604	6381	5900
605	6381	6345
606	6381	6598
607	6382	7720
608	6382	7963
609	6383	7013
610	6384	9540
611	6385	8115
612	6386	7852
613	6389	8944
614	6392	6093
615	6392	6113
616	6392	6326
617	6392	6791
618	6393	5850
619	6393	9328
620	6393	9793
621	6395	6275
622	6395	7650
623	6395	9055
624	6396	8338
625	6396	8570
626	6396	9480
627	6397	6912
628	6397	8540
629	6398	7124
630	6399	8479
631	6399	9652
632	6400	6609
633	6400	9167
634	6401	7276
635	6401	9834
636	6402	6569
637	6402	9126
638	6404	6053
639	6404	6993
640	6404	7913
641	6406	6478
642	6406	6720
643	6407	6225
644	6407	7620
645	6407	8065
646	6407	9005
647	6408	5972
648	6408	7357
649	6408	7833
650	6408	8288
651	6409	7095
652	6410	7772
653	6411	6822
654	6411	7519
655	6412	8429
656	6414	6751
657	6414	7226
658	6415	5811
659	6415	7196
660	6415	7418
661	6416	8096
662	6416	9491
663	6418	8510
664	6419	6175
665	6420	9855
666	6423	7712
667	6424	6307
668	6424	8389
669	6425	7894
670	6426	9714
671	6427	6236
672	6427	9229
673	6429	7803
674	6431	6135
675	6431	9370
676	6431	9613
677	6432	5882
678	6432	6802
679	6433	6095
680	6433	7025
681	6434	9320
682	6437	7146
683	6438	6914
684	6438	7369
685	6438	8066
686	6438	9674
687	6439	5954
688	6439	6419
689	6439	8279
690	6439	8966
691	6440	8006
692	6441	6368
693	6441	6611
694	6441	9846
695	6442	7743
696	6442	7966
697	6442	8208
698	6442	9128
699	6443	5863
700	6443	8168
701	6443	9108
702	6446	8582
703	6447	6004
704	6448	7127
705	6448	8532
706	6448	8997
707	6450	7561
708	6450	8239
709	6450	9401
710	6452	6813
711	6453	7026
712	6453	7491
713	6454	6308
714	6454	8623
715	6455	6520
716	6456	6035
717	6456	6268
718	6456	8340
719	6457	6692
720	6457	7855
721	6457	8553
722	6458	6450
723	6458	7612
724	6459	6885
725	6459	8280
726	6460	5924
727	6460	7329
728	6461	7067
729	6464	9321
730	6465	5823
731	6465	6986
732	6466	6733
733	6466	7188
734	6466	9513
735	6467	6470
736	6469	8502
737	6470	6622
738	6471	6137
739	6471	6835
740	6472	7744
741	6472	9605
742	6473	6562
743	6475	9534
744	6477	6936
745	6477	7168
746	6477	7401
747	6477	8088
748	6479	6188
749	6479	7118
750	6479	7826
751	6480	7330
752	6481	6855
753	6481	8240
754	6482	8432
755	6482	8897
756	6483	8190
757	6484	5844
758	6484	6309
759	6484	7229
760	6484	7694
761	6485	6512
762	6485	9302
763	6486	8119
764	6488	6906
765	6488	7614
766	6488	8999
767	6488	9241
768	6488	9454
769	6491	6380
770	6492	7513
771	6493	6108
772	6493	9575
773	6494	9788
774	6496	6037
775	6496	6047
776	6496	8585
777	6497	6472
778	6498	6684
779	6498	8544
780	6499	5976
781	6499	8514
782	6500	7341
783	6500	7806
784	6500	8029
785	6501	9394
786	6503	5886
787	6503	9343
788	6504	6775
789	6506	9050
790	6506	9283
791	6507	7645
792	6507	9717
793	6510	6169
794	6510	6422
795	6510	9192
796	6511	5936
797	6511	6846
798	6511	8464
799	6512	6129
800	6512	7069
801	6513	7028
802	6513	8424
803	6514	6088
804	6514	6553
805	6514	7008
806	6514	7948
807	6514	9101
808	6515	6523
809	6515	7453
810	6516	7898
811	6516	8585
812	6517	5795
813	6517	8565
814	6518	6928
815	6518	8313
816	6519	6442
817	6519	9667
818	6520	5957
819	6521	8929
820	6522	7757
821	6523	6109
822	6525	6291
823	6525	7686
824	6526	9526
825	6527	6716
826	6527	7181
827	6528	5998
828	6528	6240
829	6528	7626
830	6528	7848
831	6529	5735
832	6529	5755
833	6529	6898
834	6529	8980
835	6530	7575
836	6530	9648
837	6531	9860
838	6532	5907
839	6532	6827
840	6532	8212
841	6533	9132
842	6533	9597
843	6535	6989
844	6535	8384
845	6536	5806
846	6538	8091
847	6540	6656
848	6540	7808
849	6541	6393
850	6541	7090
851	6541	7323
852	6542	6605
853	6543	6352
854	6544	7485
855	6545	9557
856	6546	8142
857	6546	9759
858	6548	6009
859	6548	9244
860	6549	5979
861	6550	8051
862	6551	5928
863	6551	9173
864	6552	8456
865	6553	6575
866	6553	7980
867	6554	8173
868	6554	8880
869	6555	5847
870	6555	6070
871	6555	9325
872	6556	9052
873	6558	6464
874	6559	5757
875	6559	6687
876	6559	6899
877	6560	6191
878	6561	9871
879	6561	9881
880	6562	7758
881	6563	6808
882	6565	7465
883	6565	7708
884	6565	8395
885	6565	8618
886	6566	6525
887	6566	6748
888	6566	6980
889	6566	9528
890	6567	6252
891	6567	8578
892	6567	8820
893	6568	6930
894	6568	8315
895	6569	7152
896	6569	9457
897	6570	6434
898	6572	7082
899	6572	7314
900	6572	8012
901	6573	5889
902	6573	7041
903	6573	7516
904	6573	9134
905	6573	9609
906	6574	7253
907	6574	9569
908	6575	9316
909	6576	7921
910	6577	6960
911	6577	7203
912	6577	7880
913	6578	6020
914	6578	7638
915	6578	9255
916	6579	6212
917	6580	7345
918	6580	8285
919	6581	5950
920	6581	7790
921	6581	9640
922	6582	6162
923	6583	6354
924	6583	9144
925	6583	9842
926	6584	6566
927	6584	8417
928	6585	7001
929	6587	6728
930	6587	8589
931	6588	7396
932	6589	5758
933	6589	9003
934	6590	7578
935	6590	7820
936	6590	9205
937	6591	6405
938	6591	6880
939	6591	8023
940	6596	6304
941	6596	8619
942	6596	8832
943	6596	9297
944	6597	5809
945	6597	7659
946	6597	9752
947	6599	6456
948	6599	6678
949	6599	7851
950	6599	9701
951	6600	6436
952	6600	6901
953	6600	8518
954	6601	6638
955	6602	6153
956	6602	7093
957	6602	8235
958	6604	7740
959	6605	8640
960	6605	8872
961	6605	9792
962	6606	8377
963	6607	6497
964	6607	8134
965	6608	6244
966	6608	7417
967	6608	8104
968	6609	5991
969	6609	8317
970	6611	7336
971	6612	7781
972	6612	9621
973	6613	6598
974	6613	7983
975	6614	7730
976	6615	6083
977	6615	6548
978	6616	7458
979	6616	7923
980	6617	6275
981	6617	6730
982	6617	7892
983	6617	9520
984	6618	6012
985	6619	8539
986	6620	6912
987	6620	7144
988	6620	7367
989	6620	7832
990	6621	6881
991	6621	8954
992	6622	6164
993	6622	7549
994	6622	8469
995	6622	9864
996	6623	6841
997	6623	7064
998	6624	9369
999	6625	7256
1000	6625	8631
1001	6626	9075
1002	6626	9308
1003	6627	9278
1004	6628	7873
1005	6630	6205
1006	6631	8277
1007	6631	9197
1008	6632	9632
1009	6634	8429
1010	6635	6326
1011	6635	9116
1012	6635	9571
1013	6636	6306
1014	6636	8854
1015	6637	6043
1016	6637	8358
1017	6638	6963
1018	6638	7408
1019	6638	9966
1020	6639	9713
1021	6640	7600
1022	6640	8308
1023	6640	8995
1024	6642	6852
1025	6643	7994
1026	6644	6124
1027	6644	6357
1028	6644	6812
1029	6644	7044
1030	6645	6326
1031	6646	6761
1032	6647	9531
1033	6649	7631
1034	6651	6428
1035	6651	7125
1036	6653	7773
1037	6653	8470
1038	6654	7510
1039	6654	7752
1040	6654	8895
1041	6655	8652
1042	6657	6742
1043	6657	7682
1044	6657	8612
1045	6659	6711
1046	6660	9916
1047	6661	6651
1048	6661	8511
1049	6663	6610
1050	6663	6843
1051	6663	7308
1052	6663	9633
1053	6664	7278
1054	6664	8430
1055	6664	9370
1056	6665	7712
1057	6666	9775
1058	6667	6995
1059	6667	8147
1060	6667	9997
1061	6668	6489
1062	6669	6004
1063	6669	8562
1064	6669	9259
1065	6670	6216
1066	6670	6459
1067	6670	7146
1068	6670	9472
1069	6670	9684
1070	6671	7581
1071	6672	8956
1072	6673	8238
1073	6674	7046
1074	6674	7521
1075	6674	9826
1076	6675	6793
1077	6676	8623
1078	6677	6065
1079	6677	7440
1080	6677	7905
1081	6678	6035
1082	6678	6732
1083	6678	9058
1084	6680	7834
1085	6681	6894
1086	6682	6176
1087	6683	9169
1088	6684	7299
1089	6685	6581
1090	6685	8886
1091	6688	6278
1092	6688	8825
1093	6689	6005
1094	6689	7178
1095	6689	9725
1096	6690	7845
1097	6691	7370
1098	6691	8512
1099	6691	9442
1100	6692	7794
1101	6692	8967
1102	6693	8239
1103	6693	8694
1104	6694	7511
1105	6695	6804
1106	6696	8856
1107	6697	7916
1108	6700	6683
1109	6700	8310
1110	6701	7593
1111	6704	6137
1112	6704	7765
1113	6704	8442
1114	6704	8917
1115	6705	6107
1116	6705	7047
1117	6706	6087
1118	6706	10019
1119	6707	8624
1120	6708	9049
1121	6709	7866
1122	6710	8543
1123	6711	7138
1124	6711	9918
1125	6712	6410
1126	6712	7108
1127	6713	5935
1128	6713	9635
1129	6715	6117
1130	6715	9595
1131	6716	6562
1132	6716	7017
1133	6716	9342
1134	6717	6754
1135	6717	8382
1136	6718	6037
1137	6718	7209
1138	6718	8827
1139	6720	6229
1140	6720	6471
1141	6720	7169
1142	6720	8786
1143	6720	9484
1144	6721	8999
1145	6722	8736
1146	6723	7088
1147	6723	9403
1148	6724	7078
1149	6725	5895
1150	6725	6350
1151	6726	7948
1152	6727	6300
1153	6727	7240
1154	6727	7685
1155	6727	9788
1156	6729	7644
1157	6729	7887
1158	6730	8554
1159	6731	6452
1160	6731	6906
1161	6732	5956
1162	6733	6158
1163	6733	7331
1164	6733	9171
1165	6734	6138
1166	6734	7058
1167	6734	9151
1168	6734	9838
1169	6736	7261
1170	6737	6543
1171	6737	7473
1172	6738	6058
1173	6738	6967
1174	6738	9283
1175	6739	6502
1176	6739	9727
1177	6740	6705
1178	6740	6937
1179	6740	7857
1180	6742	6199
1181	6742	7817
1182	6743	8252
1183	6744	8009
1184	6745	7504
1185	6746	6786
1186	6746	7018
1187	6746	9101
1188	6746	10041
1189	6748	8363
1190	6748	9061
1191	6749	7190
1192	6749	7645
1193	6749	9040
1194	6750	6250
1195	6751	7140
1196	6751	8535
1197	6752	6655
1198	6752	7110
1199	6752	7585
1200	6752	9425
1201	6753	6857
1202	6753	9647
1203	6754	9859
1204	6755	5886
1205	6756	7959
1206	6756	8889
1207	6756	9354
1208	6757	6999
1209	6757	7696
1210	6757	9779
1211	6758	6756
1212	6759	8121
1213	6760	6473
1214	6760	8778
1215	6760	9253
1216	6762	9213
1217	6764	5927
1218	6764	6837
1219	6764	7080
1220	6764	8930
1221	6764	9627
1222	6765	7282
1223	6766	9577
1224	6767	7929
1225	6769	6271
1226	6769	7191
1227	6769	7434
1228	6770	6939
1229	6770	7869
1230	6770	8324
1231	6773	8728
1232	6774	6160
1233	6774	9395
1234	6776	7960
1235	6777	6322
1236	6777	7020
1237	6777	7485
1238	6777	8860
1239	6778	5837
1240	6779	8354
1241	6780	9962
1242	6781	8779
1243	6782	9669
1244	6783	7343
1245	6783	7798
1246	6783	8274
1247	6783	8486
1248	6784	7556
1249	6785	6595
1250	6785	9153
1251	6786	8658
1252	6786	9345
1253	6786	9810
1254	6787	7708
1255	6788	6060
1256	6788	9072
1257	6789	6040
1258	6790	6009
1259	6790	7415
1260	6790	8567
1261	6791	6697
1262	6791	7162
1263	6791	8547
1264	6792	5979
1265	6792	9912
1266	6794	7324
1267	6795	6141
1268	6797	6545
1269	6797	8396
1270	6798	7920
1271	6799	7435
1272	6799	8588
1273	6800	7648
1274	6800	8113
1275	6800	8790
1276	6800	9720
1277	6801	9467
1278	6802	6434
1279	6802	6899
1280	6803	6657
1281	6804	5939
1282	6804	6617
1283	6805	6131
1284	6805	7991
1285	6805	8922
1286	6806	7051
1287	6806	7274
1288	6807	9114
1289	6807	10034
1290	6808	6303
1291	6808	7223
1292	6809	7203
1293	6809	9296
1294	6810	6718
1295	6810	8345
1296	6810	9023
1297	6812	7132
1298	6813	6182
1299	6815	5899
1300	6815	6152
1301	6815	6364
1302	6817	7476
1303	6819	9761
1304	6819	9984
1305	6821	7618
1306	6822	8750
1307	6822	8983
1308	6824	5940
1309	6824	9873
1310	6825	8690
1311	6826	7962
1312	6826	9135
1313	6827	5859
1314	6827	6557
1315	6827	7032
1316	6827	8174
1317	6828	6769
1318	6828	7012
1319	6828	8629
1320	6829	6294
1321	6829	7902
1322	6829	8124
1323	6829	8377
1324	6829	8832
1325	6830	7416
1326	6830	8801
1327	6831	6466
1328	6833	7588
1329	6833	8053
1330	6833	9661
1331	6834	7548
1332	6835	7305
1333	6835	9610
1334	6835	9843
1335	6836	6123
1336	6836	8215
1337	6836	8893
1338	6838	9085
1339	6838	9560
1340	6839	6527
1341	6840	6254
1342	6840	9044
1343	6841	9934
1344	6842	8771
1345	6843	7356
1346	6843	8276
1347	6843	8519
1348	6843	9904
1349	6844	8013
1350	6844	8478
1351	6845	5921
1352	6845	6143
1353	6845	9388
1354	6846	7751
1355	6846	8216
1356	6846	8681
1357	6847	6093
1358	6847	7953
1359	6848	7013
1360	6848	7710
1361	6848	10015
1362	6849	6052
1363	6849	8378
1364	6850	6487
1365	6850	8570
1366	6851	6002
1367	6852	6689
1368	6852	7599
1369	6852	7619
1370	6852	7842
1371	6853	8752
1372	6854	5951
1373	6854	9874
1374	6855	7316
1375	6855	8934
1376	6856	6831
1377	6856	7064
1378	6856	7519
1379	6857	6336
1380	6857	6801
1381	6857	9338
1382	6858	6305
1383	6858	7478
1384	6859	6528
1385	6860	6740
1386	6862	9237
1387	6863	6205
1388	6863	6670
1389	6864	8257
1390	6864	8499
1391	6864	8712
1392	6866	9834
1393	6867	6579
1394	6867	7034
1395	6867	7266
1396	6868	9784
1397	6870	7671
1398	6872	7155
1399	6873	6903
1400	6875	6397
1401	6875	7085
1402	6877	5882
1403	6877	8419
1404	6879	7216
1405	6879	8146
1406	6880	7894
1407	6881	6246
1408	6881	7408
1409	6882	6448
1410	6882	9471
1411	6883	7590
1412	6883	8743
1413	6884	6408
1414	6884	7803
1415	6885	5922
1416	6885	6610
1417	6886	7762
1418	6887	7035
1419	6888	5862
1420	6888	7237
1421	6889	6539
1422	6889	6762
1423	6889	8834
1424	6890	6277
1425	6890	9512
1426	6891	6954
1427	6891	9026
1428	6892	6469
1429	6892	7166
1430	6892	8541
1431	6893	6216
1432	6893	8056
1433	6893	8986
1434	6894	6418
1435	6894	7348
1436	6894	8278
1437	6894	8956
1438	6895	7540
1439	6896	6135
1440	6896	9158
1441	6896	10078
1442	6897	8885
1443	6897	9583
1444	6898	5862
1445	6898	7470
1446	6899	6985
1447	6899	7915
1448	6900	8127
1449	6900	8370
1450	6900	8592
1451	6900	9987
1452	6901	6722
1453	6902	9694
1454	6903	5974
1455	6904	8259
1456	6904	9421
1457	6904	9664
1458	6906	7056
1459	6906	9603
1460	6907	6338
1461	6907	6358
1462	6907	7268
1463	6908	7713
1464	6908	8410
1465	6909	6065
1466	6909	10018
1467	6910	6520
1468	6912	8097
1469	6913	6449
1470	6913	6914
1471	6913	7137
1472	6914	9189
1473	6915	6389
1474	6915	6621
1475	6915	6854
1476	6916	8451
1477	6917	6591
1478	6917	7966
1479	6917	9119
1480	6917	9826
1481	6918	7026
1482	6918	8178
1483	6918	9331
1484	6920	7208
1485	6920	7430
1486	6920	8825
1487	6920	9513
1488	6921	7885
1489	6921	9260
1490	6922	6005
1491	6922	6227
1492	6922	6692
1493	6922	8330
1494	6923	7380
1495	6923	7845
1496	6924	9897
1497	6925	8027
1498	6927	7744
1499	6927	10069
1500	6929	9776
1501	6929	10009
1502	6930	7673
1503	6931	7178
1504	6931	9726
1505	6934	7340
1506	6935	5945
1507	6935	6410
1508	6935	7107
1509	6935	8260
1510	6936	7077
1511	6936	8462
1512	6937	5905
1513	6937	6127
1514	6937	7057
1515	6939	7472
1516	6939	9554
1517	6940	8381
1518	6941	6491
1519	6941	7644
1520	6942	6926
1521	6942	8088
1522	6943	8523
1523	6945	6178
1524	6945	8948
1525	6946	6855
1526	6947	7280
1527	6948	6330
1528	6948	6572
1529	6948	9110
1530	6949	7229
1531	6950	6289
1532	6950	8604
1533	6951	6259
1534	6951	7654
1535	6953	6229
1536	6953	6674
1537	6953	8989
1538	6954	7361
1539	6955	6633
1540	6955	8493
1541	6955	9888
1542	6956	8231
1543	6956	8706
1544	6957	6370
1545	6959	7695
1546	6960	6057
1547	6960	8837
1548	6961	6957
1549	6962	6482
1550	6962	7867
1551	6962	9960
1552	6964	9212
1553	6966	6846
1554	6967	6128
1555	6967	7513
1556	6967	7978
1557	6967	9849
1558	6968	8201
1559	6968	8666
1560	6969	8393
1561	6972	7412
1562	6973	5987
1563	6973	7625
1564	6973	8070
1565	6974	7129
1566	6975	7342
1567	6975	9414
1568	6976	7787
1569	6976	8929
1570	6976	9172
1571	6977	7291
1572	6980	6988
1573	6980	8151
1574	6980	9778
1575	6981	8131
1576	6981	9283
1577	6982	6948
1578	6983	9708
1579	6984	8282
1580	6984	8990
1581	6986	7555
1582	6987	7059
1583	6988	6584
1584	6988	7039
1585	6988	8192
1586	6989	6776
1587	6989	7019
1588	6989	8646
1589	6989	9334
1590	6990	6524
1591	6990	8606
1592	6992	7191
1593	6992	9041
1594	6993	6241
1595	6993	8778
1596	6993	9698
1597	6994	5968
1598	6994	6433
1599	6994	8060
1600	6995	6413
1601	6995	9900
1602	6997	5907
1603	6997	9142
1604	6998	5887
1605	6998	7747
1606	6999	7242
1607	6999	7939
1608	7000	7697
1609	7001	8829
1610	7002	7646
1611	7002	8566
1612	7003	8091
1613	7004	7141
1614	7005	7818
1615	7006	6170
1616	7007	6373
1617	7007	9395
1618	7008	7505
1619	7008	9830
1620	7009	7727
1621	7009	8415
1622	7009	8870
1623	7010	6535
1624	7010	7455
1625	7010	8152
1626	7010	10002
1627	7011	7899
1628	7011	8132
1629	7012	6494
1630	7012	6949
1631	7012	8344
1632	7013	6696
1633	7013	7616
1634	7013	9942
1635	7014	6666
1636	7014	9466
1637	7015	6878
1638	7015	9436
1639	7016	6626
1640	7016	7566
1641	7016	8021
1642	7017	6141
1643	7017	6373
1644	7017	7303
1645	7018	8446
1646	7019	7960
1647	7020	9083
1648	7021	7667
1649	7021	9538
1650	7022	8587
1651	7022	8800
1652	7023	7172
1653	7024	8759
1654	7025	6202
1655	7025	6889
1656	7025	8274
1657	7026	7789
1658	7026	8476
1659	7026	8709
1660	7027	5908
1661	7027	7526
1662	7027	8224
1663	7030	7243
1664	7031	6060
1665	7031	6748
1666	7031	7223
1667	7032	6263
1668	7032	6970
1669	7033	8315
1670	7034	5990
1671	7034	6455
1672	7034	8537
1673	7034	9225
1674	7035	7132
1675	7037	8932
1676	7037	9852
1677	7038	6586
1678	7039	6111
1679	7039	9346
1680	7040	6313
1681	7040	6778
1682	7041	9771
1683	7042	8113
1684	7042	8346
1685	7042	9276
1686	7042	9731
1687	7043	6020
1688	7043	6485
1689	7045	7365
1690	7046	7325
1691	7046	7800
1692	7046	9417
1693	7046	9882
1694	7048	7062
1695	7048	7982
1696	7048	8679
1697	7049	6334
1698	7049	9579
1699	7049	10034
1700	7050	7931
1701	7052	8589
1702	7052	9519
1703	7053	6931
1704	7053	7638
1705	7053	7861
1706	7054	6223
1707	7054	8993
1708	7055	5970
1709	7055	8508
1710	7055	9913
1711	7057	6617
1712	7057	8245
1713	7058	6132
1714	7058	8437
1715	7059	7275
1716	7059	8195
1717	7060	8407
1718	7061	6072
1719	7061	6294
1720	7061	6517
1721	7061	6759
1722	7062	6264
1723	7063	7396
1724	7063	9256
1725	7064	7609
1726	7065	6891
1727	7065	8063
1728	7065	8741
1729	7065	9681
1730	7066	5951
1731	7067	8013
1732	7067	9398
1733	7068	7750
1734	7069	9813
1735	7070	7700
1736	7070	8872
1737	7071	6062
1738	7071	7225
1739	7072	8812
1740	7072	9752
1741	7073	6012
1742	7073	9024
1743	7073	10187
1744	7074	9924
1745	7075	6669
1746	7075	8761
1747	7077	6153
1748	7077	6386
1749	7077	6861
1750	7077	7538
1751	7077	10106
1752	7078	5901
1753	7078	6831
1754	7078	9843
1755	7079	9126
1756	7080	6548
1757	7080	9095
1758	7081	6993
1759	7082	7427
1760	7082	9065
1761	7082	9298
1762	7084	5992
1763	7084	6467
1764	7084	7154
1765	7085	5972
1766	7085	6679
1767	7085	7377
1768	7085	8287
1769	7086	7802
1770	7086	8499
1771	7086	9187
1772	7088	9379
1773	7089	6578
1774	7089	9581
1775	7090	6083
1776	7090	7013
1777	7090	7488
1778	7092	6740
1779	7092	9996
1780	7094	6235
1781	7094	8550
1782	7094	9945
1783	7096	6660
1784	7097	8934
1785	7097	9642
1786	7098	8227
1787	7099	8904
1788	7099	10057
1789	7100	6791
1790	7100	9329
1791	7101	5841
1792	7101	6306
1793	7102	6983
1794	7102	7913
1795	7102	9753
1796	7103	7428
1797	7104	6013
1798	7104	7165
1799	7104	9005
1800	7106	6185
1801	7107	6862
1802	7107	7317
1803	7108	6610
1804	7109	8672
1805	7110	8652
1806	7111	5841
1807	7111	6761
1808	7111	10017
1809	7112	8136
1810	7112	8824
1811	7113	9511
1812	7114	6933
1813	7114	7631
1814	7114	7853
1815	7115	6671
1816	7115	8066
1817	7116	10138
1818	7117	6640
1819	7117	8480
1820	7117	8945
1821	7118	7530
1822	7119	6125
1823	7119	7287
1824	7121	6549
1825	7121	7702
1826	7121	9795
1827	7122	6064
1828	7123	6044
1829	7123	7197
1830	7124	6711
1831	7124	7156
1832	7125	9471
1833	7126	5963
1834	7126	9198
1835	7127	6863
1836	7129	6813
1837	7129	7278
1838	7130	5883
1839	7130	9118
1840	7131	8157
1841	7132	6297
1842	7132	6985
1843	7132	9290
1844	7132	9522
1845	7134	6944
1846	7134	8562
1847	7134	9714
1848	7135	6216
1849	7135	8542
1850	7136	7116
1851	7136	8279
1852	7137	5933
1853	7137	6631
1854	7138	7773
1855	7138	8006
1856	7138	8926
1857	7138	9159
1858	7138	9391
1859	7139	6601
1860	7140	6328
1861	7140	7025
1862	7140	8643
1863	7142	6753
1864	7142	7905
1865	7142	8613
1866	7143	6045
1867	7143	6500
1868	7143	8805
1869	7146	6894
1870	7146	8987
1871	7147	6399
1872	7147	6642
1873	7149	6834
1874	7149	7531
1875	7149	8219
1876	7151	5853
1877	7151	7238
1878	7152	7926
1879	7152	8158
1880	7152	10241
1881	7154	6248
1882	7154	7643
1883	7154	10180
1884	7155	7380
1885	7156	7592
1886	7156	8522
1887	7156	8745
1888	7157	6187
1889	7158	7077
1890	7158	8472
1891	7158	8694
1892	7159	6592
1893	7159	8907
1894	7160	7724
1895	7160	8432
1896	7161	6551
1897	7161	9786
1898	7163	5813
1899	7163	7198
1900	7163	7906
1901	7164	6723
1902	7164	8341
1903	7164	9261
1904	7169	9837
1905	7170	7269
1906	7171	6319
1907	7172	9999
1908	7173	9059
1909	7174	8806
1910	7174	9736
1911	7175	6228
1912	7175	6936
1913	7175	9484
1914	7176	6451
1915	7176	7128
1916	7177	6886
1917	7177	7351
1918	7177	7795
1919	7177	9898
1920	7180	8432
1921	7180	10293
1922	7181	6785
1923	7185	9929
1924	7186	8069
1925	7186	9211
1926	7187	8261
1927	7187	9656
1928	7188	6168
1929	7188	8473
1930	7190	9363
1931	7191	9808
1932	7194	8110
1933	7195	5997
1934	7195	9009
1935	7197	6664
1936	7197	7351
1937	7197	9424
1938	7198	7321
1939	7198	7554
1940	7198	8494
1941	7198	10334
1942	7199	9859
1943	7199	10081
1944	7200	7978
1945	7200	8201
1946	7201	8413
1947	7201	9101
1948	7202	5855
1949	7202	7705
1950	7202	9556
1951	7202	10021
1952	7204	5805
1953	7204	8353
1954	7205	6462
1955	7205	6937
1956	7205	8787
1957	7205	9707
1958	7205	10182
1959	7206	6209
1960	7206	6675
1961	7207	6877
1962	7207	8969
1963	7208	8939
1964	7209	7069
1965	7209	7766
1966	7210	6119
1967	7210	8676
1968	7210	9131
1969	7210	9839
1970	7211	6796
1971	7211	8869
1972	7212	7473
1973	7212	8626
1974	7212	10243
1975	7213	6058
1976	7213	6988
1977	7213	7211
1978	7214	6270
1979	7214	8575
1980	7215	7160
1981	7215	7868
1982	7216	6685
1983	7216	8313
1984	7217	7595
1985	7217	8515
1986	7218	6402
1987	7218	6645
1988	7218	8727
1989	7219	5917
1990	7221	7039
1991	7224	6493
1992	7224	7656
1993	7225	6706
1994	7226	6231
1995	7226	6443
1996	7226	9688
1997	7227	6665
1998	7227	7353
1999	7227	9213
2000	7228	8263
ITEMS SECTION	(INDEX, PROFIT, WEIGHT, ASSIGNED NODE NUMBER): 
1	101	1	2
2	202	2	3
3	404	4	4
4	202	2	5
5	996	896	6
6	1992	1792	7
7	3984	3584	8
8	467	367	9
9	934	734	10
10	1868	1468	11
11	790	690	12
12	790	690	13
13	713	613	14
14	1426	1226	15
15	2852	2452	16
16	974	874	17
17	974	874	18
18	222	122	19
19	444	244	20
20	888	488	21
21	666	366	22
22	586	486	23
23	1172	972	24
24	1172	972	25
25	923	823	26
26	923	823	27
27	563	463	28
28	1126	926	29
29	563	463	30
30	689	589	31
31	1378	1178	32
32	1378	1178	33
33	425	325	34
34	850	650	35
35	1700	1300	36
36	1275	975	37
37	1100	1000	38
38	2200	2000	39
39	4400	4000	40
40	876	776	41
41	1752	1552	42
42	2628	2328	43
43	223	123	44
44	456	356	45
45	405	305	46
46	810	610	47
47	1620	1220	48
48	405	305	49
49	147	47	50
50	294	94	51
51	588	188	52
52	745	645	53
53	1490	1290	54
54	2980	2580	55
55	1490	1290	56
56	239	139	57
57	347	247	58
58	694	494	59
59	1388	988	60
60	1041	741	61
61	311	211	62
62	622	422	63
63	1244	844	64
64	933	633	65
65	200	100	66
66	400	200	67
67	800	400	68
68	200	100	69
69	727	627	70
70	1454	1254	71
71	1454	1254	72
72	860	760	73
73	1720	1520	74
74	876	776	75
75	1752	1552	76
76	3504	3104	77
77	575	475	78
78	1150	950	79
79	2300	1900	80
80	1037	937	81
81	2074	1874	82
82	4148	3748	83
83	1037	937	84
84	201	101	85
85	402	202	86
86	804	404	87
87	402	202	88
88	381	281	89
89	762	562	90
90	1524	1124	91
91	762	562	92
92	851	751	93
93	1702	1502	94
94	3404	3004	95
95	1702	1502	96
96	630	530	97
97	1260	1060	98
98	2520	2120	99
99	340	240	100
100	680	480	101
101	680	480	102
102	348	248	103
103	696	496	104
104	1044	744	105
105	868	768	106
106	131	31	107
107	262	62	108
108	131	31	109
109	713	613	110
110	1426	1226	111
111	2852	2452	112
112	713	613	113
113	981	881	114
114	1962	1762	115
115	1962	1762	116
116	467	367	117
117	934	734	118
118	1868	1468	119
119	467	367	120
120	812	712	121
121	510	410	122
122	1020	820	123
123	2040	1640	124
124	510	410	125
125	257	157	126
126	514	314	127
127	1028	628	128
128	771	471	129
129	924	824	130
130	342	242	131
131	572	472	132
132	1144	944	133
133	1716	1416	134
134	822	722	135
135	1644	1444	136
136	3288	2888	137
137	875	775	138
138	875	775	139
139	471	371	140
140	942	742	141
141	1884	1484	142
142	437	337	143
143	874	674	144
144	437	337	145
145	985	885	146
146	1970	1770	147
147	3940	3540	148
148	1970	1770	149
149	304	204	150
150	608	408	151
151	1216	816	152
152	608	408	153
153	694	594	154
154	1388	1188	155
155	2776	2376	156
156	1388	1188	157
157	326	226	158
158	652	452	159
159	1304	904	160
160	326	226	161
161	652	452	162
162	1021	921	163
163	637	537	164
164	1274	1074	165
165	2548	2148	166
166	212	112	167
167	212	112	168
168	1059	959	169
169	2118	1918	170
170	3177	2877	171
171	492	392	172
172	492	392	173
173	809	709	174
174	1618	1418	175
175	3236	2836	176
176	1040	940	177
177	2080	1880	178
178	1043	943	179
179	2086	1886	180
180	4172	3772	181
181	179	79	182
182	179	79	183
183	1022	922	184
184	2044	1844	185
185	2044	1844	186
186	461	361	187
187	1047	947	188
188	2094	1894	189
189	1047	947	190
190	961	861	191
191	1922	1722	192
192	3844	3444	193
193	2883	2583	194
194	1037	937	195
195	2074	1874	196
196	4148	3748	197
197	3111	2811	198
198	854	754	199
199	1708	1508	200
200	2562	2262	201
201	972	872	202
202	736	636	203
203	736	636	204
204	559	459	205
205	1118	918	206
206	2236	1836	207
207	1677	1377	208
208	490	390	209
209	490	390	210
210	241	141	211
211	482	282	212
212	723	423	213
213	211	111	214
214	422	222	215
215	844	444	216
216	633	333	217
217	688	588	218
218	1376	1176	219
219	688	588	220
220	106	6	221
221	106	6	222
222	255	155	223
223	510	310	224
224	1020	620	225
225	765	465	226
226	823	723	227
227	1646	1446	228
228	3292	2892	229
229	1646	1446	230
230	823	723	231
231	1646	1446	232
232	3292	2892	233
233	2469	2169	234
234	767	667	235
235	1534	1334	236
236	1534	1334	237
237	929	829	238
238	1858	1658	239
239	3716	3316	240
240	929	829	241
241	587	487	242
242	1174	974	243
243	1174	974	244
244	690	590	245
245	1380	1180	246
246	2760	2360	247
247	1380	1180	248
248	470	370	249
249	940	740	250
250	1880	1480	251
251	923	823	252
252	1846	1646	253
253	3692	3292	254
254	923	823	255
255	273	173	256
256	546	346	257
257	156	56	258
258	1077	977	259
259	2154	1954	260
260	3231	2931	261
261	781	681	262
262	1562	1362	263
263	2343	2043	264
264	789	689	265
265	1578	1378	266
266	3156	2756	267
267	789	689	268
268	1033	933	269
269	2066	1866	270
270	3099	2799	271
271	909	809	272
272	1818	1618	273
273	687	587	274
274	1374	1174	275
275	786	686	276
276	1572	1372	277
277	786	686	278
278	566	466	279
279	456	356	280
280	912	712	281
281	912	712	282
282	884	784	283
283	884	784	284
284	962	862	285
285	1924	1724	286
286	3848	3448	287
287	2886	2586	288
288	323	223	289
289	646	446	290
290	1292	892	291
291	969	669	292
292	641	541	293
293	1282	1082	294
294	2564	2164	295
295	161	61	296
296	322	122	297
297	516	416	298
298	516	416	299
299	162	62	300
300	162	62	301
301	305	205	302
302	610	410	303
303	252	152	304
304	504	304	305
305	1008	608	306
306	504	304	307
307	1013	913	308
308	2026	1826	309
309	4052	3652	310
310	3039	2739	311
311	367	267	312
312	734	534	313
313	1468	1068	314
314	349	249	315
315	698	498	316
316	349	249	317
317	287	187	318
318	574	374	319
319	1148	748	320
320	861	561	321
321	274	174	322
322	548	348	323
323	274	174	324
324	1039	939	325
325	1039	939	326
326	619	519	327
327	1238	1038	328
328	1238	1038	329
329	156	56	330
330	312	112	331
331	624	224	332
332	312	112	333
333	481	381	334
334	962	762	335
335	1924	1524	336
336	962	762	337
337	651	551	338
338	1302	1102	339
339	1302	1102	340
340	228	128	341
341	456	256	342
342	912	512	343
343	912	812	344
344	1824	1624	345
345	3648	3248	346
346	2736	2436	347
347	853	753	348
348	1706	1506	349
349	3412	3012	350
350	1706	1506	351
351	644	544	352
352	1288	1088	353
353	644	544	354
354	784	684	355
355	1568	1368	356
356	2352	2052	357
357	930	830	358
358	1860	1660	359
359	1860	1660	360
360	825	725	361
361	1650	1450	362
362	3300	2900	363
363	2475	2175	364
364	430	330	365
365	860	660	366
366	430	330	367
367	215	115	368
368	138	38	369
369	276	76	370
370	545	445	371
371	1090	890	372
372	1635	1335	373
373	719	619	374
374	1438	1238	375
375	2876	2476	376
376	2157	1857	377
377	748	648	378
378	996	896	379
379	1992	1792	380
380	2988	2688	381
381	758	658	382
382	1516	1316	383
383	3032	2632	384
384	406	306	385
385	812	612	386
386	1218	918	387
387	906	806	388
388	1812	1612	389
389	3624	3224	390
390	1812	1612	391
391	900	800	392
392	1800	1600	393
393	712	612	394
394	1424	1224	395
395	454	354	396
396	400	300	397
397	800	600	398
398	1600	1200	399
399	800	600	400
400	274	174	401
401	548	348	402
402	1096	696	403
403	548	348	404
404	851	751	405
405	1702	1502	406
406	226	126	407
407	226	126	408
408	703	603	409
409	703	603	410
410	765	665	411
411	309	209	412
412	618	418	413
413	1236	836	414
414	408	308	415
415	408	308	416
416	816	616	417
417	1632	1232	418
418	1224	924	419
419	777	677	420
420	1554	1354	421
421	3108	2708	422
422	2331	2031	423
423	963	863	424
424	1926	1726	425
425	2889	2589	426
426	392	292	427
427	392	292	428
428	544	444	429
429	1088	888	430
430	2176	1776	431
431	544	444	432
432	395	295	433
433	513	413	434
434	172	72	435
435	344	144	436
436	688	288	437
437	172	72	438
438	421	321	439
439	842	642	440
440	421	321	441
441	1081	981	442
442	2162	1962	443
443	1081	981	444
444	897	797	445
445	1794	1594	446
446	1794	1594	447
447	607	507	448
448	1214	1014	449
449	2428	2028	450
450	1214	1014	451
451	815	715	452
452	815	715	453
453	612	512	454
454	1224	1024	455
455	2448	2048	456
456	612	512	457
457	992	892	458
458	1984	1784	459
459	1984	1784	460
460	176	76	461
461	352	152	462
462	352	152	463
463	122	22	464
464	244	44	465
465	488	88	466
466	244	44	467
467	743	643	468
468	1486	1286	469
469	743	643	470
470	966	866	471
471	1932	1732	472
472	1932	1732	473
473	174	74	474
474	348	148	475
475	348	148	476
476	608	508	477
477	1216	1016	478
478	1824	1524	479
479	343	243	480
480	876	776	481
481	1752	1552	482
482	3504	3104	483
483	426	326	484
484	852	652	485
485	1704	1304	486
486	852	652	487
487	794	694	488
488	1588	1388	489
489	2382	2082	490
490	762	662	491
491	1524	1324	492
492	3048	2648	493
493	1524	1324	494
494	117	17	495
495	234	34	496
496	468	68	497
497	234	34	498
498	754	654	499
499	1508	1308	500
500	3016	2616	501
501	754	654	502
502	229	129	503
503	458	258	504
504	916	516	505
505	762	662	506
506	223	123	507
507	446	246	508
508	892	492	509
509	223	123	510
510	282	182	511
511	564	364	512
512	1128	728	513
513	564	364	514
514	654	554	515
515	1308	1108	516
516	521	421	517
517	1042	842	518
518	785	685	519
519	1570	1370	520
520	3140	2740	521
521	2355	2055	522
522	570	470	523
523	1140	940	524
524	2280	1880	525
525	1710	1410	526
526	177	77	527
527	354	154	528
528	708	308	529
529	364	264	530
530	364	264	531
531	724	624	532
532	1448	1248	533
533	2896	2496	534
534	1061	961	535
535	2122	1922	536
536	2122	1922	537
537	155	55	538
538	155	55	539
539	354	254	540
540	354	254	541
541	980	880	542
542	1960	1760	543
543	3920	3520	544
544	2940	2640	545
545	1021	921	546
546	2042	1842	547
547	4084	3684	548
548	3063	2763	549
549	909	809	550
550	1818	1618	551
551	3636	3236	552
552	2727	2427	553
553	780	680	554
554	1560	1360	555
555	3120	2720	556
556	780	680	557
557	654	554	558
558	1308	1108	559
559	2616	2216	560
560	1308	1108	561
561	162	62	562
562	324	124	563
563	648	248	564
564	673	573	565
565	673	573	566
566	668	568	567
567	1336	1136	568
568	668	568	569
569	137	37	570
570	274	74	571
571	274	74	572
572	1010	910	573
573	2020	1820	574
574	732	632	575
575	1464	1264	576
576	2928	2528	577
577	732	632	578
578	311	211	579
579	167	67	580
580	334	134	581
581	501	201	582
582	863	763	583
583	1726	1526	584
584	863	763	585
585	668	568	586
586	1336	1136	587
587	2672	2272	588
588	668	568	589
589	781	681	590
590	781	681	591
591	914	814	592
592	1828	1628	593
593	3656	3256	594
594	914	814	595
595	614	514	596
596	1228	1028	597
597	2456	2056	598
598	426	326	599
599	426	326	600
600	141	41	601
601	282	82	602
602	564	164	603
603	141	41	604
604	1009	909	605
605	1009	909	606
606	292	192	607
607	584	384	608
608	876	576	609
609	159	59	610
610	159	59	611
611	452	352	612
612	452	352	613
613	778	678	614
614	1556	1356	615
615	3112	2712	616
616	985	885	617
617	1970	1770	618
618	3940	3540	619
619	696	596	620
620	1392	1192	621
621	2784	2384	622
622	696	596	623
623	500	400	624
624	500	400	625
625	511	411	626
626	1022	822	627
627	511	411	628
628	846	746	629
629	1692	1492	630
630	2538	2238	631
631	635	535	632
632	1270	1070	633
633	2540	2140	634
634	182	82	635
635	364	164	636
636	728	328	637
637	546	246	638
638	499	399	639
639	998	798	640
640	1996	1596	641
641	998	798	642
642	512	412	643
643	1024	824	644
644	2048	1648	645
645	1536	1236	646
646	736	636	647
647	1472	1272	648
648	1083	983	649
649	2166	1966	650
650	2166	1966	651
651	460	360	652
652	220	120	653
653	440	240	654
654	660	360	655
655	970	870	656
656	1940	1740	657
657	3880	3480	658
658	970	870	659
659	908	808	660
660	908	808	661
661	104	4	662
662	104	4	663
663	491	391	664
664	982	782	665
665	1964	1564	666
666	491	391	667
667	910	810	668
668	1820	1620	669
669	2730	2430	670
670	919	819	671
671	1838	1638	672
672	1058	958	673
673	2116	1916	674
674	4232	3832	675
675	309	209	676
676	618	418	677
677	1236	836	678
678	817	717	679
679	459	359	680
680	918	718	681
681	995	895	682
682	1990	1790	683
683	3980	3580	684
684	519	419	685
685	1038	838	686
686	2076	1676	687
687	604	504	688
688	1208	1008	689
689	604	504	690
690	688	588	691
691	1376	1176	692
692	2752	2352	693
693	688	588	694
694	819	719	695
695	1638	1438	696
696	3276	2876	697
697	1638	1438	698
698	423	323	699
699	441	341	700
700	882	682	701
701	1764	1364	702
702	1065	965	703
703	959	859	704
704	1918	1718	705
705	3836	3436	706
706	1918	1718	707
707	556	456	708
708	860	760	709
709	860	760	710
710	235	135	711
711	470	270	712
712	490	390	713
713	980	780	714
714	1960	1560	715
715	1470	1170	716
716	880	780	717
717	1760	1560	718
718	3520	3120	719
719	1760	1560	720
720	596	496	721
721	1192	992	722
722	1788	1488	723
723	101	1	724
724	202	2	725
725	303	3	726
726	1006	906	727
727	271	171	728
728	542	342	729
729	813	513	730
730	537	437	731
731	1074	874	732
732	1074	874	733
733	264	164	734
734	528	328	735
735	264	164	736
736	242	142	737
737	484	284	738
738	968	568	739
739	242	142	740
740	976	876	741
741	365	265	742
742	730	530	743
743	1460	1060	744
744	730	530	745
745	862	762	746
746	862	762	747
747	419	319	748
748	838	638	749
749	1257	957	750
750	880	780	751
751	1760	1560	752
752	141	41	753
753	141	41	754
754	133	33	755
755	266	66	756
756	532	132	757
757	820	720	758
758	820	720	759
759	987	887	760
760	1974	1774	761
761	987	887	762
762	1007	907	763
763	2014	1814	764
764	3021	2721	765
765	651	551	766
766	1302	1102	767
767	651	551	768
768	832	732	769
769	1664	1464	770
770	3328	2928	771
771	2496	2196	772
772	1069	969	773
773	2138	1938	774
774	4276	3876	775
775	2138	1938	776
776	779	679	777
777	1558	1358	778
778	1558	1358	779
779	328	228	780
780	328	228	781
781	268	168	782
782	268	168	783
783	754	654	784
784	1508	1308	785
785	3016	2616	786
786	2262	1962	787
787	148	48	788
788	296	96	789
789	592	192	790
790	444	144	791
791	649	549	792
792	360	260	793
793	212	112	794
794	424	224	795
795	636	336	796
796	550	450	797
797	1025	925	798
798	2050	1850	799
799	3075	2775	800
800	340	240	801
801	475	375	802
802	950	750	803
803	1900	1500	804
804	1425	1125	805
805	975	875	806
806	1950	1750	807
807	1950	1750	808
808	399	299	809
809	798	598	810
810	1596	1196	811
811	1069	969	812
812	2138	1938	813
813	4276	3876	814
814	3207	2907	815
815	315	215	816
816	630	430	817
817	945	645	818
818	535	435	819
819	748	648	820
820	1496	1296	821
821	615	515	822
822	1230	1030	823
823	1230	1030	824
824	451	351	825
825	451	351	826
826	682	582	827
827	682	582	828
828	132	32	829
829	1001	901	830
830	1001	901	831
831	1002	902	832
832	2004	1804	833
833	4008	3608	834
834	1002	902	835
835	594	494	836
836	594	494	837
837	866	766	838
838	1732	1532	839
839	3464	3064	840
840	2598	2298	841
841	702	602	842
842	1404	1204	843
843	2808	2408	844
844	594	494	845
845	1188	988	846
846	2376	1976	847
847	1188	988	848
848	247	147	849
849	518	418	850
850	728	628	851
851	1456	1256	852
852	2912	2512	853
853	319	219	854
854	638	438	855
855	1276	876	856
856	937	837	857
857	937	837	858
858	440	340	859
859	880	680	860
860	1320	1020	861
861	541	441	862
862	1082	882	863
863	415	315	864
864	830	630	865
865	1660	1260	866
866	209	109	867
867	443	343	868
868	886	686	869
869	1772	1372	870
870	443	343	871
871	716	616	872
872	1432	1232	873
873	1432	1232	874
874	632	532	875
875	1264	1064	876
876	2528	2128	877
877	1264	1064	878
878	622	522	879
879	1244	1044	880
880	2488	2088	881
881	622	522	882
882	997	897	883
883	1994	1794	884
884	997	897	885
885	614	514	886
886	1228	1028	887
887	2456	2056	888
888	1228	1028	889
889	1086	986	890
890	2172	1972	891
891	988	888	892
892	988	888	893
893	859	759	894
894	1718	1518	895
895	2577	2277	896
896	423	323	897
897	276	176	898
898	276	176	899
899	1019	919	900
900	2038	1838	901
901	167	67	902
902	334	134	903
903	668	268	904
904	167	67	905
905	603	503	906
906	1206	1006	907
907	2412	2012	908
908	1809	1509	909
909	656	556	910
910	1312	1112	911
911	2624	2224	912
912	1968	1668	913
913	816	716	914
914	1632	1432	915
915	1632	1432	916
916	419	319	917
917	838	638	918
918	571	471	919
919	1142	942	920
920	2284	1884	921
921	1713	1413	922
922	617	517	923
923	1234	1034	924
924	2468	2068	925
925	1234	1034	926
926	205	105	927
927	410	210	928
928	820	420	929
929	410	210	930
930	253	153	931
931	506	306	932
932	1012	612	933
933	253	153	934
934	240	140	935
935	240	140	936
936	986	886	937
937	1972	1772	938
938	1972	1772	939
939	792	692	940
940	1584	1384	941
941	792	692	942
942	419	319	943
943	838	638	944
944	1676	1276	945
945	1257	957	946
946	660	560	947
947	742	642	948
948	796	696	949
949	1592	1392	950
950	796	696	951
951	358	258	952
952	716	516	953
953	1432	1032	954
954	358	258	955
955	350	250	956
956	700	500	957
957	1400	1000	958
958	700	500	959
959	739	639	960
960	1478	1278	961
961	2956	2556	962
962	1478	1278	963
963	472	372	964
964	944	744	965
965	944	744	966
966	232	132	967
967	232	132	968
968	956	856	969
969	1912	1712	970
970	553	453	971
971	1106	906	972
972	2212	1812	973
973	553	453	974
974	603	503	975
975	1206	1006	976
976	2412	2012	977
977	1206	1006	978
978	639	539	979
979	1278	1078	980
980	1917	1617	981
981	919	819	982
982	1838	1638	983
983	919	819	984
984	226	126	985
985	452	252	986
986	530	430	987
987	1060	860	988
988	2120	1720	989
989	698	598	990
990	698	598	991
991	796	696	992
992	1592	1392	993
993	796	696	994
994	697	597	995
995	1394	1194	996
996	2788	2388	997
997	697	597	998
998	797	697	999
999	1594	1394	1000
1000	3188	2788	1001
1001	152	52	1002
1002	304	104	1003
1003	608	208	1004
1004	304	104	1005
1005	752	652	1006
1006	1504	1304	1007
1007	3008	2608	1008
1008	2256	1956	1009
1009	725	625	1010
1010	1450	1250	1011
1011	1450	1250	1012
1012	191	91	1013
1013	382	182	1014
1014	764	364	1015
1015	191	91	1016
1016	646	546	1017
1017	1292	1092	1018
1018	1938	1638	1019
1019	417	317	1020
1020	834	634	1021
1021	417	317	1022
1022	413	313	1023
1023	826	626	1024
1024	1239	939	1025
1025	189	89	1026
1026	383	283	1027
1027	766	566	1028
1028	1532	1132	1029
1029	1017	917	1030
1030	906	806	1031
1031	1812	1612	1032
1032	3624	3224	1033
1033	2718	2418	1034
1034	1012	912	1035
1035	1012	912	1036
1036	611	511	1037
1037	1222	1022	1038
1038	268	168	1039
1039	536	336	1040
1040	268	168	1041
1041	858	758	1042
1042	492	392	1043
1043	984	784	1044
1044	492	392	1045
1045	746	646	1046
1046	1492	1292	1047
1047	2984	2584	1048
1048	746	646	1049
1049	214	114	1050
1050	428	228	1051
1051	856	456	1052
1052	428	228	1053
1053	105	5	1054
1054	210	10	1055
1055	420	20	1056
1056	105	5	1057
1057	1089	989	1058
1058	2178	1978	1059
1059	3267	2967	1060
1060	328	228	1061
1061	328	228	1062
1062	231	131	1063
1063	462	262	1064
1064	924	524	1065
1065	462	262	1066
1066	799	699	1067
1067	1598	1398	1068
1068	3196	2796	1069
1069	799	699	1070
1070	486	386	1071
1071	329	229	1072
1072	658	458	1073
1073	1316	916	1074
1074	658	458	1075
1075	721	621	1076
1076	721	621	1077
1077	471	371	1078
1078	942	742	1079
1079	1884	1484	1080
1080	1413	1113	1081
1081	674	574	1082
1082	1348	1148	1083
1083	2696	2296	1084
1084	595	495	1085
1085	1190	990	1086
1086	2380	1980	1087
1087	595	495	1088
1088	774	674	1089
1089	1548	1348	1090
1090	1548	1348	1091
1091	355	255	1092
1092	355	255	1093
1093	452	352	1094
1094	452	352	1095
1095	688	588	1096
1096	1376	1176	1097
1097	2752	2352	1098
1098	688	588	1099
1099	276	176	1100
1100	552	352	1101
1101	1104	704	1102
1102	552	352	1103
1103	1035	935	1104
1104	2070	1870	1105
1105	4140	3740	1106
1106	425	325	1107
1107	850	650	1108
1108	850	650	1109
1109	267	167	1110
1110	534	334	1111
1111	650	550	1112
1112	1300	1100	1113
1113	2600	2200	1114
1114	650	550	1115
1115	557	457	1116
1116	1114	914	1117
1117	2228	1828	1118
1118	578	478	1119
1119	1156	956	1120
1120	1734	1434	1121
1121	992	892	1122
1122	1984	1784	1123
1123	2976	2676	1124
1124	1042	942	1125
1125	2084	1884	1126
1126	4168	3768	1127
1127	2084	1884	1128
1128	1091	991	1129
1129	2182	1982	1130
1130	4364	3964	1131
1131	1091	991	1132
1132	1088	988	1133
1133	2176	1976	1134
1134	4352	3952	1135
1135	966	866	1136
1136	1932	1732	1137
1137	3864	3464	1138
1138	2898	2598	1139
1139	223	123	1140
1140	446	246	1141
1141	669	369	1142
1142	186	86	1143
1143	372	172	1144
1144	744	344	1145
1145	372	172	1146
1146	170	70	1147
1147	286	186	1148
1148	572	372	1149
1149	1144	744	1150
1150	414	314	1151
1151	828	628	1152
1152	1242	942	1153
1153	263	163	1154
1154	526	326	1155
1155	1052	652	1156
1156	263	163	1157
1157	219	119	1158
1158	438	238	1159
1159	874	774	1160
1160	1748	1548	1161
1161	2622	2322	1162
1162	174	74	1163
1163	348	148	1164
1164	761	661	1165
1165	1522	1322	1166
1166	1522	1322	1167
1167	486	386	1168
1168	972	772	1169
1169	841	741	1170
1170	1682	1482	1171
1171	641	541	1172
1172	1282	1082	1173
1173	2564	2164	1174
1174	641	541	1175
1175	252	152	1176
1176	504	304	1177
1177	1008	608	1178
1178	756	456	1179
1179	243	143	1180
1180	486	286	1181
1181	972	572	1182
1182	231	131	1183
1183	462	262	1184
1184	924	524	1185
1185	693	393	1186
1186	147	47	1187
1187	294	94	1188
1188	588	188	1189
1189	147	47	1190
1190	674	574	1191
1191	1348	1148	1192
1192	1348	1148	1193
1193	329	229	1194
1194	658	458	1195
1195	987	687	1196
1196	375	275	1197
1197	750	550	1198
1198	1125	825	1199
1199	887	787	1200
1200	1774	1574	1201
1201	2661	2361	1202
1202	761	661	1203
1203	1522	1322	1204
1204	3044	2644	1205
1205	761	661	1206
1206	420	320	1207
1207	420	320	1208
1208	915	815	1209
1209	915	815	1210
1210	799	699	1211
1211	1598	1398	1212
1212	809	709	1213
1213	1618	1418	1214
1214	3236	2836	1215
1215	558	458	1216
1216	1116	916	1217
1217	558	458	1218
1218	423	323	1219
1219	846	646	1220
1220	846	646	1221
1221	386	286	1222
1222	772	572	1223
1223	1544	1144	1224
1224	1158	858	1225
1225	821	721	1226
1226	1007	907	1227
1227	2014	1814	1228
1228	2014	1814	1229
1229	843	743	1230
1230	1686	1486	1231
1231	3372	2972	1232
1232	843	743	1233
1233	285	185	1234
1234	570	370	1235
1235	570	370	1236
1236	943	843	1237
1237	1886	1686	1238
1238	3772	3372	1239
1239	943	843	1240
1240	894	794	1241
1241	894	794	1242
1242	624	524	1243
1243	1248	1048	1244
1244	333	233	1245
1245	666	466	1246
1246	999	699	1247
1247	941	841	1248
1248	1882	1682	1249
1249	3764	3364	1250
1250	941	841	1251
1251	591	491	1252
1252	1182	982	1253
1253	2364	1964	1254
1254	1773	1473	1255
1255	527	427	1256
1256	1054	854	1257
1257	2108	1708	1258
1258	1581	1281	1259
1259	993	893	1260
1260	993	893	1261
1261	496	396	1262
1262	496	396	1263
1263	125	25	1264
1264	250	50	1265
1265	125	25	1266
1266	647	547	1267
1267	1294	1094	1268
1268	2588	2188	1269
1269	738	638	1270
1270	1476	1276	1271
1271	2952	2552	1272
1272	2214	1914	1273
1273	690	590	1274
1274	1380	1180	1275
1275	690	590	1276
1276	190	90	1277
1277	380	180	1278
1278	760	360	1279
1279	380	180	1280
1280	606	506	1281
1281	1212	1012	1282
1282	715	615	1283
1283	1430	1230	1284
1284	165	65	1285
1285	330	130	1286
1286	660	260	1287
1287	330	130	1288
1288	1020	920	1289
1289	2040	1840	1290
1290	2040	1840	1291
1291	1068	968	1292
1292	2136	1936	1293
1293	4272	3872	1294
1294	2136	1936	1295
1295	939	839	1296
1296	1878	1678	1297
1297	3756	3356	1298
1298	928	828	1299
1299	1856	1656	1300
1300	928	828	1301
1301	152	52	1302
1302	304	104	1303
1303	152	52	1304
1304	245	145	1305
1305	591	491	1306
1306	1182	982	1307
1307	1773	1473	1308
1308	363	263	1309
1309	363	263	1310
1310	823	723	1311
1311	1646	1446	1312
1312	1093	993	1313
1313	2186	1986	1314
1314	4372	3972	1315
1315	3279	2979	1316
1316	1035	935	1317
1317	2070	1870	1318
1318	4140	3740	1319
1319	1035	935	1320
1320	959	859	1321
1321	1918	1718	1322
1322	3836	3436	1323
1323	318	218	1324
1324	318	218	1325
1325	635	535	1326
1326	1270	1070	1327
1327	2540	2140	1328
1328	635	535	1329
1329	256	156	1330
1330	512	312	1331
1331	1024	624	1332
1332	256	156	1333
1333	464	364	1334
1334	928	728	1335
1335	1392	1092	1336
1336	415	315	1337
1337	830	630	1338
1338	830	630	1339
1339	480	380	1340
1340	480	380	1341
1341	180	80	1342
1342	360	160	1343
1343	720	320	1344
1344	360	160	1345
1345	117	17	1346
1346	234	34	1347
1347	234	34	1348
1348	1084	984	1349
1349	2168	1968	1350
1350	1084	984	1351
1351	527	427	1352
1352	1054	854	1353
1353	2108	1708	1354
1354	527	427	1355
1355	775	675	1356
1356	1550	1350	1357
1357	3100	2700	1358
1358	2325	2025	1359
1359	436	336	1360
1360	872	672	1361
1361	1308	1008	1362
1362	344	244	1363
1363	688	488	1364
1364	1376	976	1365
1365	1032	732	1366
1366	772	672	1367
1367	1544	1344	1368
1368	1544	1344	1369
1369	682	582	1370
1370	1364	1164	1371
1371	2046	1746	1372
1372	152	52	1373
1373	304	104	1374
1374	456	156	1375
1375	587	487	1376
1376	1174	974	1377
1377	2348	1948	1378
1378	455	355	1379
1379	910	710	1380
1380	1820	1420	1381
1381	455	355	1382
1382	647	547	1383
1383	1294	1094	1384
1384	836	736	1385
1385	836	736	1386
1386	356	256	1387
1387	712	512	1388
1388	1424	1024	1389
1389	208	108	1390
1390	253	153	1391
1391	253	153	1392
1392	791	691	1393
1393	1582	1382	1394
1394	2373	2073	1395
1395	886	786	1396
1396	1772	1572	1397
1397	1772	1572	1398
1398	754	654	1399
1399	1508	1308	1400
1400	3016	2616	1401
1401	754	654	1402
1402	1075	975	1403
1403	2150	1950	1404
1404	1075	975	1405
1405	1072	972	1406
1406	2144	1944	1407
1407	1072	972	1408
1408	685	585	1409
1409	1370	1170	1410
1410	685	585	1411
1411	329	229	1412
1412	754	654	1413
1413	1508	1308	1414
1414	2262	1962	1415
1415	569	469	1416
1416	1138	938	1417
1417	2276	1876	1418
1418	1138	938	1419
1419	120	20	1420
1420	240	40	1421
1421	360	60	1422
1422	870	770	1423
1423	1740	1540	1424
1424	3480	3080	1425
1425	1740	1540	1426
1426	262	162	1427
1427	190	90	1428
1428	380	180	1429
1429	760	360	1430
1430	380	180	1431
1431	854	754	1432
1432	1708	1508	1433
1433	3416	3016	1434
1434	2562	2262	1435
1435	367	267	1436
1436	734	534	1437
1437	1468	1068	1438
1438	734	534	1439
1439	323	223	1440
1440	646	446	1441
1441	1292	892	1442
1442	646	446	1443
1443	1028	928	1444
1444	2056	1856	1445
1445	4112	3712	1446
1446	115	15	1447
1447	230	30	1448
1448	345	45	1449
1449	737	637	1450
1450	1474	1274	1451
1451	737	637	1452
1452	593	493	1453
1453	1186	986	1454
1454	2372	1972	1455
1455	1779	1479	1456
1456	308	208	1457
1457	616	416	1458
1458	924	624	1459
1459	178	78	1460
1460	356	156	1461
1461	712	312	1462
1462	392	292	1463
1463	784	584	1464
1464	1176	876	1465
1465	449	349	1466
1466	898	698	1467
1467	1796	1396	1468
1468	898	698	1469
1469	319	219	1470
1470	638	438	1471
1471	1276	876	1472
1472	319	219	1473
1473	881	781	1474
1474	1762	1562	1475
1475	2643	2343	1476
1476	691	591	1477
1477	1382	1182	1478
1478	2764	2364	1479
1479	863	763	1480
1480	1726	1526	1481
1481	2589	2289	1482
1482	345	245	1483
1483	690	490	1484
1484	1380	980	1485
1485	345	245	1486
1486	482	382	1487
1487	964	764	1488
1488	482	382	1489
1489	634	534	1490
1490	1268	1068	1491
1491	208	108	1492
1492	952	852	1493
1493	1904	1704	1494
1494	3808	3408	1495
1495	2856	2556	1496
1496	246	146	1497
1497	492	292	1498
1498	1041	941	1499
1499	115	15	1500
1500	115	15	1501
1501	307	207	1502
1502	307	207	1503
1503	370	270	1504
1504	740	540	1505
1505	740	540	1506
1506	956	856	1507
1507	1912	1712	1508
1508	362	262	1509
1509	724	524	1510
1510	362	262	1511
1511	781	681	1512
1512	531	431	1513
1513	1062	862	1514
1514	531	431	1515
1515	171	71	1516
1516	342	142	1517
1517	311	211	1518
1518	622	422	1519
1519	933	633	1520
1520	153	53	1521
1521	153	53	1522
1522	995	895	1523
1523	1990	1790	1524
1524	3980	3580	1525
1525	995	895	1526
1526	389	289	1527
1527	778	578	1528
1528	1556	1156	1529
1529	1167	867	1530
1530	721	621	1531
1531	1442	1242	1532
1532	2163	1863	1533
1533	981	881	1534
1534	1962	1762	1535
1535	981	881	1536
1536	1044	944	1537
1537	1062	962	1538
1538	2124	1924	1539
1539	4248	3848	1540
1540	3186	2886	1541
1541	982	882	1542
1542	1964	1764	1543
1543	3928	3528	1544
1544	982	882	1545
1545	969	869	1546
1546	1938	1738	1547
1547	969	869	1548
1548	745	645	1549
1549	1490	1290	1550
1550	2980	2580	1551
1551	1490	1290	1552
1552	923	823	1553
1553	1846	1646	1554
1554	3692	3292	1555
1555	2769	2469	1556
1556	1088	988	1557
1557	2176	1976	1558
1558	2176	1976	1559
1559	567	467	1560
1560	1134	934	1561
1561	2268	1868	1562
1562	1701	1401	1563
1563	121	21	1564
1564	121	21	1565
1565	585	485	1566
1566	1170	970	1567
1567	2340	1940	1568
1568	585	485	1569
1569	979	879	1570
1570	979	879	1571
1571	578	478	1572
1572	1156	956	1573
1573	374	274	1574
1574	748	548	1575
1575	1496	1096	1576
1576	748	548	1577
1577	1091	991	1578
1578	386	286	1579
1579	386	286	1580
1580	376	276	1581
1581	752	552	1582
1582	1128	828	1583
1583	439	339	1584
1584	878	678	1585
1585	878	678	1586
1586	915	815	1587
1587	1830	1630	1588
1588	150	50	1589
1589	300	100	1590
1590	600	200	1591
1591	450	150	1592
1592	578	478	1593
1593	1156	956	1594
1594	1734	1434	1595
1595	940	840	1596
1596	940	840	1597
1597	1014	914	1598
1598	2028	1828	1599
1599	4056	3656	1600
1600	3042	2742	1601
1601	473	373	1602
1602	473	373	1603
1603	393	293	1604
1604	552	452	1605
1605	1104	904	1606
1606	1104	904	1607
1607	595	495	1608
1608	1190	990	1609
1609	333	233	1610
1610	666	466	1611
1611	488	388	1612
1612	141	41	1613
1613	673	573	1614
1614	1346	1146	1615
1615	2692	2292	1616
1616	1346	1146	1617
1617	383	283	1618
1618	766	566	1619
1619	1149	849	1620
1620	534	434	1621
1621	534	434	1622
1622	1030	930	1623
1623	2060	1860	1624
1624	254	154	1625
1625	223	123	1626
1626	446	246	1627
1627	892	492	1628
1628	223	123	1629
1629	962	862	1630
1630	1924	1724	1631
1631	2886	2586	1632
1632	630	530	1633
1633	1260	1060	1634
1634	630	530	1635
1635	204	104	1636
1636	879	779	1637
1637	1758	1558	1638
1638	879	779	1639
1639	559	459	1640
1640	1118	918	1641
1641	2236	1836	1642
1642	559	459	1643
1643	923	823	1644
1644	1846	1646	1645
1645	443	343	1646
1646	886	686	1647
1647	1772	1372	1648
1648	886	686	1649
1649	346	246	1650
1650	983	883	1651
1651	1966	1766	1652
1652	3932	3532	1653
1653	2949	2649	1654
1654	327	227	1655
1655	327	227	1656
1656	923	823	1657
1657	1846	1646	1658
1658	1846	1646	1659
1659	132	32	1660
1660	264	64	1661
1661	528	128	1662
1662	396	96	1663
1663	226	126	1664
1664	452	252	1665
1665	678	378	1666
1666	266	166	1667
1667	424	324	1668
1668	848	648	1669
1669	1696	1296	1670
1670	461	361	1671
1671	922	722	1672
1672	1844	1444	1673
1673	806	706	1674
1674	1612	1412	1675
1675	806	706	1676
1676	603	503	1677
1677	1206	1006	1678
1678	2412	2012	1679
1679	603	503	1680
1680	519	419	1681
1681	519	419	1682
1682	295	195	1683
1683	295	195	1684
1684	1045	945	1685
1685	2090	1890	1686
1686	4180	3780	1687
1687	1045	945	1688
1688	1070	970	1689
1689	2140	1940	1690
1690	4280	3880	1691
1691	3210	2910	1692
1692	357	257	1693
1693	714	514	1694
1694	1428	1028	1695
1695	714	514	1696
1696	141	41	1697
1697	282	82	1698
1698	564	164	1699
1699	423	123	1700
1700	452	352	1701
1701	452	352	1702
1702	237	137	1703
1703	474	274	1704
1704	948	548	1705
1705	474	274	1706
1706	292	192	1707
1707	584	384	1708
1708	292	192	1709
1709	141	41	1710
1710	282	82	1711
1711	564	164	1712
1712	423	123	1713
1713	480	380	1714
1714	480	380	1715
1715	322	222	1716
1716	644	444	1717
1717	966	666	1718
1718	152	52	1719
1719	304	104	1720
1720	456	156	1721
1721	756	656	1722
1722	1512	1312	1723
1723	3024	2624	1724
1724	756	656	1725
1725	712	612	1726
1726	1424	1224	1727
1727	2848	2448	1728
1728	2136	1836	1729
1729	464	364	1730
1730	928	728	1731
1731	1856	1456	1732
1732	1392	1092	1733
1733	299	199	1734
1734	598	398	1735
1735	598	398	1736
1736	926	826	1737
1737	1852	1652	1738
1738	926	826	1739
1739	752	652	1740
1740	752	652	1741
1741	574	474	1742
1742	958	858	1743
1743	1916	1716	1744
1744	2874	2574	1745
1745	580	480	1746
1746	1160	960	1747
1747	2320	1920	1748
1748	580	480	1749
1749	682	582	1750
1750	469	369	1751
1751	938	738	1752
1752	1876	1476	1753
1753	938	738	1754
1754	697	597	1755
1755	1394	1194	1756
1756	2788	2388	1757
1757	733	633	1758
1758	1466	1266	1759
1759	460	360	1760
1760	920	720	1761
1761	1840	1440	1762
1762	920	720	1763
1763	815	715	1764
1764	1630	1430	1765
1765	3260	2860	1766
1766	815	715	1767
1767	1080	980	1768
1768	2160	1960	1769
1769	3240	2940	1770
1770	752	652	1771
1771	1504	1304	1772
1772	3008	2608	1773
1773	752	652	1774
1774	366	266	1775
1775	732	532	1776
1776	1464	1064	1777
1777	1098	798	1778
1778	336	236	1779
1779	246	146	1780
1780	492	292	1781
1781	984	584	1782
1782	246	146	1783
1783	150	50	1784
1784	300	100	1785
1785	600	200	1786
1786	150	50	1787
1787	410	310	1788
1788	820	620	1789
1789	1640	1240	1790
1790	410	310	1791
1791	487	387	1792
1792	974	774	1793
1793	1948	1548	1794
1794	1050	950	1795
1795	1050	950	1796
1796	194	94	1797
1797	388	188	1798
1798	776	376	1799
1799	582	282	1800
1800	1053	953	1801
1801	2106	1906	1802
1802	4212	3812	1803
1803	899	799	1804
1804	1798	1598	1805
1805	2697	2397	1806
1806	630	530	1807
1807	1260	1060	1808
1808	1260	1060	1809
1809	522	422	1810
1810	1044	844	1811
1811	2088	1688	1812
1812	1566	1266	1813
1813	802	702	1814
1814	1604	1404	1815
1815	1604	1404	1816
1816	935	835	1817
1817	935	835	1818
1818	1020	920	1819
1819	2040	1840	1820
1820	3060	2760	1821
1821	173	73	1822
1822	346	146	1823
1823	692	292	1824
1824	173	73	1825
1825	555	455	1826
1826	1110	910	1827
1827	2220	1820	1828
1828	1665	1365	1829
1829	1072	972	1830
1830	2144	1944	1831
1831	4288	3888	1832
1832	1072	972	1833
1833	562	462	1834
1834	1124	924	1835
1835	1686	1386	1836
1836	492	392	1837
1837	492	392	1838
1838	105	5	1839
1839	210	10	1840
1840	420	20	1841
1841	210	10	1842
1842	587	487	1843
1843	1174	974	1844
1844	2348	1948	1845
1845	1069	969	1846
1846	2138	1938	1847
1847	835	735	1848
1848	969	869	1849
1849	554	454	1850
1850	1108	908	1851
1851	2216	1816	1852
1852	670	570	1853
1853	1340	1140	1854
1854	2680	2280	1855
1855	2010	1710	1856
1856	390	290	1857
1857	780	580	1858
1858	1560	1160	1859
1859	783	683	1860
1860	293	193	1861
1861	586	386	1862
1862	586	386	1863
1863	474	374	1864
1864	948	748	1865
1865	1896	1496	1866
1866	474	374	1867
1867	942	842	1868
1868	1884	1684	1869
1869	3768	3368	1870
1870	291	191	1871
1871	582	382	1872
1872	291	191	1873
1873	1011	911	1874
1874	2022	1822	1875
1875	2022	1822	1876
1876	131	31	1877
1877	262	62	1878
1878	262	62	1879
1879	140	40	1880
1880	280	80	1881
1881	888	788	1882
1882	1776	1576	1883
1883	952	852	1884
1884	1904	1704	1885
1885	3808	3408	1886
1886	842	742	1887
1887	1684	1484	1888
1888	2526	2226	1889
1889	546	446	1890
1890	1092	892	1891
1891	242	142	1892
1892	484	284	1893
1893	242	142	1894
1894	1006	906	1895
1895	1006	906	1896
1896	1070	970	1897
1897	2140	1940	1898
1898	4280	3880	1899
1899	3210	2910	1900
1900	943	843	1901
1901	1886	1686	1902
1902	2829	2529	1903
1903	237	137	1904
1904	474	274	1905
1905	474	274	1906
1906	766	666	1907
1907	1532	1332	1908
1908	1532	1332	1909
1909	556	456	1910
1910	1112	912	1911
1911	2224	1824	1912
1912	809	709	1913
1913	1618	1418	1914
1914	3236	2836	1915
1915	1618	1418	1916
1916	626	526	1917
1917	1252	1052	1918
1918	1878	1578	1919
1919	989	889	1920
1920	1978	1778	1921
1921	3956	3556	1922
1922	959	859	1923
1923	769	669	1924
1924	1538	1338	1925
1925	3076	2676	1926
1926	769	669	1927
1927	523	423	1928
1928	1046	846	1929
1929	1046	846	1930
1930	162	62	1931
1931	1078	978	1932
1932	2156	1956	1933
1933	388	288	1934
1934	776	576	1935
1935	1164	864	1936
1936	196	96	1937
1937	196	96	1938
1938	404	304	1939
1939	808	608	1940
1940	1616	1216	1941
1941	404	304	1942
1942	106	6	1943
1943	212	12	1944
1944	318	18	1945
1945	687	587	1946
1946	1374	1174	1947
1947	426	326	1948
1948	426	326	1949
1949	661	561	1950
1950	1322	1122	1951
1951	326	226	1952
1952	652	452	1953
1953	1304	904	1954
1954	326	226	1955
1955	224	124	1956
1956	448	248	1957
1957	896	496	1958
1958	448	248	1959
1959	437	337	1960
1960	874	674	1961
1961	1311	1011	1962
1962	1027	927	1963
1963	2054	1854	1964
1964	1027	927	1965
1965	823	723	1966
1966	1646	1446	1967
1967	3292	2892	1968
1968	1646	1446	1969
1969	793	693	1970
1970	1586	1386	1971
1971	1586	1386	1972
1972	919	819	1973
1973	764	664	1974
1974	1528	1328	1975
1975	3056	2656	1976
1976	2292	1992	1977
1977	220	120	1978
1978	440	240	1979
1979	440	240	1980
1980	430	330	1981
1981	860	660	1982
1982	860	660	1983
1983	779	679	1984
1984	1558	1358	1985
1985	2337	2037	1986
1986	967	867	1987
1987	1934	1734	1988
1988	3868	3468	1989
1989	2901	2601	1990
1990	893	793	1991
1991	1786	1586	1992
1992	3572	3172	1993
1993	893	793	1994
1994	515	415	1995
1995	705	605	1996
1996	1410	1210	1997
1997	705	605	1998
1998	743	643	1999
1999	1486	1286	2000
