PROBLEM NAME: 50_CITIES
KNAPSACK DATA TYPE: bounded strongly corr
DIMENSION: 50
NUMBER OF ITEMS: 50
CAPACITY OF KNAPSACK: 440
MIN SPEED: 0.1
MAX SPEED: 1
RENTING RATIO: 0.3
EDGE_WEIGHT_TYPE: EUC_2D
NODE_COORD_SECTION (INDEX, X, Y):
1 130 99
2 99 71
3 102 132
4 199 108
5 114 98
6 188 173
7 3 51
8 186 145
9 123 148
10 49 199
11 56 71
12 162 43
13 83 170
14 160 92
15 39 126
16 113 31
17 149 63
18 77 115
19 26 81
20 173 126
21 139 26
22 66 154
23 4 173
24 109 180
25 14 119
26 193 11
27 132 158
28 176 70
29 70 18
30 27 159
31 156 152
32 92 9
33 17 182
34 120 60
35 61 108
36 145 178
37 95 190
38 5 94
39 171 15
40 82 46
41 25 35
42 116 139
43 50 76
44 174 189
45 43 14
46 159 111
47 147 13
48 10 210
49 210 80
50 202 160
ITEMS SECTION (INDEX, PROFIT, WEIGHT, ASSIGNED NODE NUMBER):
1 264 34 1
2 224 35 2
3 192 49 3
4 173 16 4
5 98 37 5
6 214 30 6
7 165 21 7
8 199 36 8
9 261 29 9
10 165 11 10
11 139 47 11
12 249 31 12
13 114 24 13
14 299 15 14
15 71 26 15
16 282 39 16
17 227 40 17
18 272 13 18
19 86 45 19
20 218 19 20
21 295 22 21
22 133 48 22
23 91 17 23
24 205 41 24
25 110 32 25
26 301 28 26
27 242 18 27
28 179 44 28
29 74 27 29
30 188 14 30
31 297 46 31
32 156 23 32
33 63 34 33
34 229 20 34
35 140 42 35
36 210 38 36
37 87 12 37
38 111 25 38
39 238 33 39
40 152 10 40
41 122 50 41
42 207 26 42
43 168 18 43
44 256 40 44
45 58 35 45
46 194 19 46
47 133 43 47
48 76 28 48
49 300 17 49
50 184 22 50
